movie,production_budget,domestic_gross,production_profit_domestic
Star Wars Ep. VII: The Force Awakens,306000000,936662225,630662225
Black Panther,200000000,700059566,500059566
Titanic,200000000,659363944,459363944
Star Wars Ep. IV: A New Hope,11000000,460998007,449998007
Jurassic World,215000000,652270625,437270625
ET: The Extra-Terrestrial,10500000,435110554,424610554
Incredibles 2,200000000,608581744,408581744
The Avengers,225000000,623279547,398279547
Avengers: Infinity War,300000000,678815482,378815482
Shrek 2,70000000,441226247,371226247
Star Wars Ep. I: The Phantom Menace,115000000,474544677,359544677
Beauty and the Beast,20000000,376057266,356057266
The Dark Knight,185000000,533720947,348720947
The Passion of the Christ,25000000,370782930,345782930
Beauty and the Beast,160000000,504014165,344014165
The Lion King,79300000,421785283,342485283
Avatar,425000000,760507625,335507625
Jurassic Park,63000000,395708305,332708305
Rogue One: A Star Wars Story,200000000,532177324,332177324
The Hunger Games,80000000,408010692,328010692
Jumanji: Welcome to the Jungle,90000000,404508916,314508916
Deadpool,58000000,363070709,305070709
Star Wars Ep. VIII: The Last Jedi,317000000,620181382,303181382
The Hunger Games: Catching Fire,130000000,424668047,294668047
The Secret Life of Pets,75000000,368384330,293384330
It,35000000,327481748,292481748
American Sniper,58000000,350126372,292126372
Despicable Me 2,76000000,368065385,292065385
Finding Nemo,94000000,380529370,286529370
Finding Dory,200000000,486295561,286295561
The Lord of the Rings: The Return of the King,94000000,377845905,283845905
Star Wars Ep. VI: Return of the Jedi,32500000,309205079,276705079
Forrest Gump,55000000,330151138,275151138
Home Alone,15000000,285761243,270761243
Star Wars Ep. V: The Empire Strikes Back,23000000,290271960,267271960
Star Wars Ep. III: Revenge of the Sith,115000000,380270577,265270577
Spider-Man,139000000,403706375,264706375
Wonder Woman,150000000,412563408,262563408
Minions,74000000,336045770,262045770
Harry Potter and the Deathly Hallows: Part II,125000000,381193157,256193157
The Sixth Sense,40000000,293506292,253506292
Captain Marvel,175000000,426525952,251525952
Frozen,150000000,400738009,250738009
The Lord of the Rings: The Two Towers,94000000,342548984,248548984
Jaws,12000000,260000000,248000000
Jurassic World: Fallen Kingdom,170000000,417719760,247719760
The Twilight Saga: New Moon,50000000,296623634,246623634
The Hangover,35000000,277322503,242322503
My Big Fat Greek Wedding,5000000,241438208,236438208
The Twilight Saga: Eclipse,68000000,300531751,232531751
Independence Day,75000000,306169255,231169255
The Blind Side,35000000,255959475,220959475
Beverly Hills Cop,15000000,234760478,219760478
Meet the Fockers,60000000,279167575,219167575
The Exorcist,12000000,230347346,218347346
Shrek,50000000,267655011,217655011
Batman,35000000,251188924,216188924
Toy Story 3,200000000,415004880,215004880
Deadpool 2,110000000,324591735,214591735
Ghostbusters,30000000,242212467,212212467
The Hunger Games: Mockingjay - Part 1,125000000,337135885,212135885
Iron Man 3,200000000,408992272,208992272
The Lord of the Rings: The Fellowship of the Ring,109000000,315544750,206544750
Raiders of the Lost Ark,20000000,225686079,205686079
Pirates of the Caribbean: Dead Manâs Chest,225000000,423315812,198315812
The Lego Movie,60000000,257784718,197784718
Star Wars Ep. II: Attack of the Clones,115000000,310676740,195676740
Ghost,22000000,217631306,195631306
Dr. Seussâ The Grinch,75000000,270620950,195620950
Sing,75000000,270329045,195329045
Gone with the Wind,3900000,198680470,194780470
Mrs. Doubtfire,25000000,219195051,194195051
Back to the Future,19000000,212259762,193259762
Harry Potter and the Sorcererâs Stone,125000000,317871467,192871467
Transformers: Revenge of the Fallen,210000000,402111870,192111870
Zootopia,150000000,341268248,191268248
Guardians of the Galaxy Vol 2,200000000,389813101,189813101
Despicable Me 3,75000000,264624300,189624300
Aladdin,28000000,217350219,189350219
The Jungle Book,175000000,364001123,189001123
Snow White and the Seven Dwarfs,1488000,184925486,183437486
Despicable Me,69000000,251513985,182513985
Inside Out,175000000,356461711,181461711
A Star is Born,36000000,215288866,179288866
Grease,6000000,181813770,175813770
Aquaman,160000000,335061807,175061807
The Hangover Part II,80000000,254464305,174464305
"Monsters, Inc.",115000000,289423425,174423425
Cars,70000000,244082982,174082982
Spider-Man 2,200000000,373524485,173524485
The Dark Knight Rises,275000000,448139099,173139099
Harry Potter and the Deathly Hallows: Part I,125000000,296131568,171131568
Get Out,5000000,176040665,171040665
Austin Powers: The Spy Who Shagged Me,35000000,206040085,171040085
A Quiet Place,17000000,188024361,171024361
The Incredibles,92000000,261441092,169441092
Wedding Crashers,40000000,209218368,169218368
Ted,50000000,218665740,168665740
Transformers,151000000,319246193,168246193
Crocodile Dundee,8800000,174803506,166003506
Pirates of the Caribbean: The Curse of the Black Pearl,140000000,305411224,165411224
Dances with Wolves,19000000,184208842,165208842
Top Gun,15000000,179800601,164800601
Pretty Woman,14000000,178406268,164406268
Gravity,110000000,274092705,164092705
Guardians of the Galaxy,170000000,333172112,163172112
Furious 7,190000000,353007020,163007020
Shrek the Third,160000000,322719944,162719944
Alvin and the Chipmunks,55000000,217326974,162326974
Harry Potter and the Chamber of Secrets,100000000,262233381,162233381
Tootsie,15000000,177200000,162200000
Toy Story,30000000,191796233,161796233
Bruce Almighty,81000000,242704995,161704995
Bohemian Rhapsody,55000000,216303339,161303339
Men in Black,90000000,250690539,160690539
Spider-Man: Homecoming,175000000,334201140,159201140
Captain America: Civil War,250000000,408084349,158084349
Transformers: Dark of the Moon,195000000,352390543,157390543
Signs,70702619,227969295,157266676
"The Twilight Saga: Breaking Dawn, Part 2",136200000,292324737,156124737
Toy Story 2,90000000,245852179,155852179
Twilight,37000000,192769854,155769854
Pitch Perfect 2,29000000,184296230,155296230
The Sound of Music,8200000,163214286,155014286
Us,20000000,175006930,155006930
There's Something About Mary,22000000,176484651,154484651
The Sting,5500000,159616327,154116327
The Lost World: Jurassic Park,75000000,229086679,154086679
"The Twilight Saga: Breaking Dawn, Part 1",127500000,281287133,153787133
Twister,88000000,241688385,153688385
Home Alone 2: Lost in New York,20000000,173585516,153585516
3 Men and a Baby,15000000,167780960,152780960
Indiana Jones and the Temple of Doom,28000000,179880271,151880271
Saving Private Ryan,65000000,216335085,151335085
300,60000000,210614939,150614939
Austin Powers in Goldmember,63000000,213117789,150117789
Suicide Squad,175000000,325100054,150100054
Alvin and the Chipmunks: The Squeakquel,70000000,219614612,149614612
Halloween,10000000,159342015,149342015
Indiana Jones and the Last Crusade,48000000,197171806,149171806
Close Encounters of the Third Kind,20000000,169100479,149100479
Cast Away,85000000,233632142,148632142
Rain Man,25000000,172825435,147825435
Doctor Seuss' The Lorax,67500000,214030500,146530500
The Help,25000000,169705587,144705587
Hidden Figures,25000000,169607287,144607287
Crazy Rich Asians,30000000,174532921,144532921
Fatal Attraction,14000000,156645693,142645693
Iron Man 2,170000000,312433331,142433331
Harry Potter and the Order of the Phoenix,150000000,292137260,142137260
Elf,32000000,173840591,141840591
22 Jump Street,50000000,191719337,141719337
Night at the Museum,110000000,250863268,140863268
Chicago,30000000,170687518,140687518
Harry Potter and the Goblet of Fire,150000000,290201752,140201752
The Blair Witch Project,600000,140539099,139939099
The Fugitive,44000000,183875760,139875760
National Lampoon's Animal House,3000000,141600000,138600000
The Waterboy,23000000,161491646,138491646
Scary Movie,19000000,157019771,138019771
Gremlins,11000000,148168459,137168459
How the Grinch Stole Christmas,123000000,260044825,137044825
Bridesmaids,32500000,169211718,136711718
The Karate Kid,40000000,176591618,136591618
Juno,7000000,143495265,136495265
Liar Liar,45000000,181410615,136410615
True Grit,35000000,171243005,136243005
Rush Hour 2,90000000,226164286,136164286
Thor: Ragnarok,180000000,315058289,135058289
Alice in Wonderland,200000000,334191110,134191110
Beverly Hills Cop II,20000000,153665036,133665036
Big Daddy,30000000,163479795,133479795
Straight Outta Compton,28000000,161197785,133197785
Split,5000000,138141585,133141585
Iron Man,186000000,318604126,132604126
Inception,160000000,292576195,132576195
Indiana Jones and the Kingdom of the Crystal Skull,185000000,317101119,132101119
Neighbors,18000000,150086800,132086800
Platoon,6000000,137963328,131963328
The Matrix Reloaded,150000000,281553689,131553689
La La Land,20000000,151101803,131101803
Good Will Hunting,10000000,138433435,128433435
Avengers: Age of Ultron,330600000,459005868,128405868
The Godfather,7000000,134966411,127966411
Slumdog Millionaire,14000000,141330703,127330703
Fifty Shades of Grey,40000000,166167230,126167230
The Proposal,40000000,163958031,123958031
The Kingâs Speech,15000000,138797449,123797449
Gran Torino,25000000,148095302,123095302
The Santa Clause,22000000,144833357,122833357
Hitch,55000000,177784257,122784257
Teenage Mutant Ninja Turtles,13500000,135265915,121765915
The Hunger Games: Mockingjay - Part 2,160000000,281723902,121723902
Knocked Up,27500000,148761765,121261765
The Martian,108000000,228433663,120433663
Paul Blart: Mall Cop,26000000,146336178,120336178
Ice Age: The Meltdown,75000000,195330621,120330621
Taken,25000000,145000989,120000989
Harry Potter and the Prisoner of Azkaban,130000000,249757726,119757726
Sherlock Holmes,90000000,209028679,119028679
Madagascar,75000000,193595521,118595521
Up,175000000,293004164,118004164
What Women Want,65000000,182805123,117805123
A Bug's Life,45000000,162798565,117798565
Star Trek,140000000,257730019,117730019
The Conjuring,20000000,137400141,117400141
Lincoln,65000000,182207973,117207973
Blazing Saddles,2600000,119500000,116900000
The Heat,43000000,159581587,116581587
The Firm,42000000,158340892,116340892
Rocky,1000000,117235147,116235147
Robin Hood: Prince of Thieves,50000000,165493908,115493908
American Pie 2,30000000,145096820,115096820
American Beauty,15000000,130058047,115058047
American Graffiti,777000,115000000,114223000
We're the Millers,37000000,150394119,113394119
Fahrenheit 9/11,6000000,119114517,113114517
"Crouching Tiger, Hidden Dragon",15000000,128067808,113067808
Happy Feet,85000000,198000317,113000317
The Fault in Our Stars,12000000,124872350,112872350
Bringing Down the House,20000000,132675402,112675402
Catch Me if You Can,52000000,164606800,112606800
Wonder,20000000,132422809,112422809
"The Chronicles of Narnia: The Lion, the Witch and the Wardrobe",180000000,291710957,111710957
Ice Age,65000000,176387405,111387405
Meet the Parents,55000000,166225040,111225040
Dumb & Dumber,16000000,127175374,111175374
Silver Linings Playbook,21000000,132092958,111092958
Good Morning Vietnam,13000000,123922370,110922370
The Silence of the Lambs,20000000,130726716,110726716
The Simpsons Movie,72500000,183135014,110635014
Borat,18000000,128505958,110505958
American Hustle,40000000,150117807,110117807
Lethal Weapon 3,35000000,144731527,109731527
Ride Along,25000000,134202565,109202565
Apollo 13,65000000,173772767,108772767
A Few Good Men,33000000,141340178,108340178
Wild Hogs,60000000,168213584,108213584
The Pursuit of Happyness,55000000,162586036,107586036
Paranormal Activity,450000,107918810,107468810
Gone Girl,61000000,167767189,106767189
Magic Mike,7000000,113721571,106721571
Ice Age: Dawn of the Dinosaurs,90000000,196573705,106573705
The Fast and the Furious,38000000,144512310,106512310
The Matrix,65000000,171479930,106479930
Rambo: First Blood Part II,44000000,150415432,106415432
I am Legend,150000000,256393010,106393010
Rush Hour,35000000,141186864,106186864
Cinderella,95000000,201151353,106151353
Porky's,4000000,109492484,105492484
One Flew Over the Cuckoo's Nest,4400000,108981275,104581275
Skyfall,200000000,304360277,104360277
The Mummy Returns,98000000,202007640,104007640
Superbad,17500000,121463226,103963226
Jerry Maguire,50000000,153952592,103952592
Terminator 2: Judgment Day,100000000,203464105,103464105
Hotel Transylvania 3: Summer Vacation,65000000,167500092,102500092
War of the Worlds,132000000,234280354,102280354
Towering Inferno,14000000,116000000,102000000
Bambi,858000,102797000,101939000
The Mask,18000000,119920129,101920129
John Wick: Chapter 3 â Parabellum,40000000,141744320,101744320
Wayne's World,20000000,121697323,101697323
Mission: Impossible,80000000,180981886,100981886
Doctor Zhivago,11000000,111897830,100897830
The Grudge,10000000,110359362,100359362
Daddyâs Home,50000000,150357137,100357137
Spider-Man: Into The Spider-Verse 3D,90000000,190173195,100173195
Pulp Fiction,8000000,107928762,99928762
Identity Thief,35000000,134506920,99506920
Logan,127000000,226277068,99277068
Driving Miss Daisy,7500000,106593296,99093296
Paranormal Activity 3,5000000,104028807,99028807
Moana,150000000,248757044,98757044
Cheaper by the Dozen,40000000,138614544,98614544
As Good as it Gets,50000000,148478011,98478011
Ocean's Eleven,85000000,183417150,98417150
Venom,116000000,213511408,97511408
The Bourne Ultimatum,130000000,227471070,97471070
Jackass 3D,20000000,117229692,97229692
Billy Jack,800000,98000000,97200000
Big,18000000,114968774,96968774
The Bodyguard,25000000,121945720,96945720
Twins,15000000,111936388,96936388
21 Jump Street,42000000,138447667,96447667
Butch Cassidy and the Sundance Kid,6000000,102308900,96308900
Mary Poppins,6000000,102272145,96272145
The Lego Batman Movie,80000000,175750384,95750384
Mission: Impossible 2,120000000,215409889,95409889
Crocodile Dundee 2,14000000,109306210,95306210
Sex and the City,57500000,152647258,95147258
The Vow,30000000,125014030,95014030
Taken 2,45000000,139854287,94854287
Black Swan,13000000,106954678,93954678
Bad Moms,20000000,113257297,93257297
A Beautiful Mind,78000000,170708996,92708996
The Da Vinci Code,125000000,217536138,92536138
Mamma Mia!,52000000,144130063,92130063
Argo,44500000,136025503,91525503
Speed,30000000,121248145,91248145
The Bourne Supremacy,85000000,176087450,91087450
Glass,20000000,111035005,91035005
The Hunt for Red October,30000000,120709866,90709866
Walk the Line,29000000,119519402,90519402
The Greatest Showman,84000000,174340174,90340174
X-Men 2,125000000,214949694,89949694
American Pie,12000000,101800948,89800948
Captain America: The Winter Soldier,170000000,259746958,89746958
The Devil Wears Prada,35000000,124740460,89740460
Hotel Transylvania 2,80000000,169700110,89700110
Sweet Home Alabama,38000000,127214072,89214072
The SpongeBob Movie: Sponge Out of Water,74000000,162994032,88994032
Jurassic Park III,93000000,181166115,88166115
Scream,15000000,103046663,88046663
Air Force One,85000000,172956409,87956409
Girls Trip,28000000,115108515,87108515
Annabelle: Creation,15000000,102092201,87092201
Jackass Presents: Bad Grandpa,15000000,102003019,87003019
Grown Ups,75000000,162001186,87001186
Unforgiven,14400000,101157447,86757447
Ant-Man and the Wasp,130000000,216648740,86648740
Lee Daniels' The Butler,30000000,116632095,86632095
Pocahontas,55000000,141579773,86579773
Lucy,40000000,126573960,86573960
Shark Tale,75000000,161412000,86412000
Star Trek IV: The Voyage Home,24000000,109713132,85713132
Remember the Titans,30000000,115654751,85654751
District 9,30000000,115646235,85646235
The Flintstones,45000000,130531208,85531208
Kung Fu Panda,130000000,215434591,85434591
Lone Survivor,40000000,125095601,85095601
Fast Five,125000000,210031325,85031325
Patch Adams,50000000,135014968,85014968
Gladiator,103000000,187683805,84683805
Big Momma's House,33000000,117559438,84559438
Dodgeball: A True Underdog Story,30000000,114326736,84326736
Freaky Friday,26000000,110222438,84222438
Who Framed Roger Rabbit?,70000000,154112492,84112492
Batman Forever,100000000,184031112,84031112
Les Miserables,65000000,148809770,83809770
Heaven Can Wait,15000000,98800000,83800000
Rise of the Planet of the Apes,93000000,176760185,83760185
The Addams Family,30000000,113502246,83502246
Young Frankenstein,2800000,86300000,83500000
Flashdance,7000000,90463574,83463574
The 40 Year-old Virgin,26000000,109449237,83449237
Peter Pan,4000000,87400000,83400000
Marley & Me,60000000,143153751,83153751
Jaws 2,20000000,102922376,82922376
Batman Returns,80000000,162833635,82833635
The Karate Kid,8000000,90815558,82815558
The Fighter,11000000,93617009,82617009
Horrible Bosses,35000000,117538559,82538559
X-Men,75000000,157299717,82299717
Runaway Bride,70000000,152257509,82257509
Cinderella,2900000,85000000,82100000
Saw II,5000000,87025093,82025093
Pinocchio,2289247,84300000,82010753
Paranormal Activity 2,3000000,84752907,81752907
Bad Teacher,19000000,100292856,81292856
The Ring,48000000,129094024,81094024
Fantasia,2280000,83320000,81040000
My Best Friend's Wedding,46000000,126813153,80813153
Batman v Superman: Dawn of Justice,250000000,330360194,80360194
Planet of the Apes,100000000,180011740,80011740
Airplane!,3500000,83453539,79953539
Anger Management,56000000,135560942,79560942
High School Musical 3: Senior Year,11000000,90559416,79559416
Think Like a Man,12000000,91547205,79547205
The Others,17000000,96522687,79522687
Dead Poets Society,16400000,95860116,79460116
Heaven is for Real,12000000,91386097,79386097
Superman,55000000,134218018,79218018
Donât Breathe,10000000,89217875,79217875
Fast and Furious 6,160000000,238679850,78679850
Sausage Party,19000000,97670358,78670358
The Color Purple,15000000,93589701,78589701
Insidious Chapter 2,5000000,83586447,78586447
Spider-Man 3,258000000,336530303,78530303
Legally Blonde,18000000,96493426,78493426
Back to the Future Part II,40000000,118450002,78450002
Ace Ventura: When Nature Calls,30000000,108360063,78360063
The Princess Diaries,30000000,108244774,78244774
M*A*S*H,3500000,81600000,78100000
Hannibal,87000000,165092266,78092266
Save the Last Dance,13000000,91038276,78038276
Hancock,150000000,227946274,77946274
Annabelle,6500000,84273813,77773813
Spy Kids,35000000,112692062,77692062
Central Intelligence,50000000,127440871,77440871
Scream 2,24000000,101363301,77363301
Anchorman 2: The Legend Continues,50000000,127352707,77352707
Super 8,50000000,127004179,77004179
Analyze This,30000000,106885658,76885658
When Harry Met Sallyâ¦,16000000,92823546,76823546
The Green Mile,60000000,136801374,76801374
Double Jeopardy,40000000,116735231,76735231
Police Academy,4500000,81198894,76698894
I Can Only Imagine,7000000,83482352,76482352
Mr. and Mrs. Smith,110000000,186336279,76336279
Mr. Deeds,50000000,126293452,76293452
The Imitation Game,15000000,91125143,76125143
The Longest Yard,82000000,158119460,76119460
Traffic,48000000,124107476,76107476
8 Mile,41000000,116724075,75724075
Erin Brockovich,50000000,125548685,75548685
The First Wives Club,30000000,105489203,75489203
The Mummy,80000000,155385488,75385488
Stripes,10000000,85300000,75300000
Talladega Nights: The Ballad of Ricky Bobby,73000000,148213377,75213377
Trainwreck,35000000,110212700,75212700
Over the Hedge,80000000,155019340,75019340
Beverly Hills Chihuahua,20000000,94514402,74514402
Shakespeare in Love,26000000,100317794,74317794
The Santa Clause 2,65000000,139225854,74225854
Notting Hill,42000000,116089678,74089678
La marche de l'empereur,3400000,77437223,74037223
Baby Driver,34000000,107825862,73825862
The Nutty Professor,55000000,128814019,73814019
Shrek Forever After,165000000,238736787,73736787
Madea Goes To Jail,17500000,90508336,73008336
National Treasure,100000000,173005002,73005002
Creed,37000000,109767581,72767581
Doctor Dolittle,71500000,144156605,72656605
Phenomenon,32000000,104636382,72636382
The Rugrats Movie,28000000,100494685,72494685
xXx,70000000,141930000,71930000
The Ten Commandments,13500000,85400591,71900591
Schindlerâs List,25000000,96898818,71898818
Into the Woods,56200000,128002372,71802372
Footloose,8200000,80000000,71800000
Spy Kids 3-D: Game Over,40000000,111760631,71760631
The Texas Chainsaw Massacre,9000000,80571655,71571655
Fiddler on the Roof,9000000,80500000,71500000
Madagascar 3: Europe's Most Wanted,145000000,216391482,71391482
The Upside,37500000,108235497,70735497
Million Dollar Baby,30000000,100492203,70492203
Saw III,10000000,80238724,70238724
Alien,10700000,80930630,70230630
Oceanâs 8,70000000,140218711,70218711
Fried Green Tomatoes,11000000,81204830,70204830
Se7en,30000000,100125643,70125643
Fast & Furious,85000000,155064265,70064265
Horton Hears a Who,85000000,154529439,69529439
This is the End,32000000,101470202,69470202
Scooby-Doo,84000000,153294164,69294164
Brokeback Mountain,13900000,83043761,69143761
The Purge: Election Year,10000000,79042440,69042440
A Time to Kill,40000000,108766007,68766007
The Muppet Movie,8000000,76657000,68657000
The Game Plan,22000000,90648202,68648202
Monsters University,200000000,268488329,68488329
The Maze Runner,34000000,102427862,68427862
Aliens,17000000,85160248,68160248
Mean Girls,18000000,86047227,68047227
The Golden Child,12000000,79817937,67817937
Doctor Strange,165000000,232641920,67641920
A League of Their Own,40000000,107533925,67533925
Fantastic Four,87500000,154696080,67196080
10 Cloverfield Lane,5000000,72082999,67082999
Star Trek II: The Wrath of Khan,12000000,78912963,66912963
The Break-Up,52000000,118703275,66703275
Ransom,70000000,136492681,66492681
Ice Age: Continental Drift,95000000,161321843,66321843
Teenage Mutant Ninja Turtles,125000000,191204754,66204754
Man of Steel,225000000,291045518,66045518
Divergent,85000000,150947895,65947895
Lilo & Stitch,80000000,145771527,65771527
Creed II,50000000,115715889,65715889
"Legally Blonde 2: Red, White & Blonde",25000000,90639088,65639088
The Truman Show,60000000,125618201,65618201
What Lies Beneath,90000000,155464351,65464351
Kindergarten Cop,26000000,91457688,65457688
Letâs Be Cops,17000000,82390774,65390774
Casino Royale,102000000,167365000,65365000
Peter Rabbit,50000000,115234093,65234093
Sully,60000000,125070033,65070033
Scary Movie 3,45000000,110000082,65000082
Chicken Run,42000000,106793915,64793915
War Room,3000000,67790117,64790117
Aladdin,182000000,246734314,64734314
Tammy,20000000,84525432,64525432
Mission: ImpossibleâGhost Protocol,145000000,209397903,64397903
42,31000000,95020213,64020213
Poltergeist,10700000,74706019,64006019
Gnomeo and Juliet,36000000,99967670,63967670
The Naked Gun 2Â½: The Smell of Fear,23000000,86930411,63930411
Barbershop,12000000,75781642,63781642
Hotel Transylvania,85000000,148313048,63313048
Django Unchained,100000000,162805434,62805434
Flight,31000000,93772375,62772375
Are We There Yet?,20000000,82674398,62674398
The Descendants,20000000,82624961,62624961
The Perfect Storm,120000000,182618434,62618434
The Purge: Anarchy,9000000,71562550,62562550
The Conjuring 2: The Enfield Poltergeist,40000000,102470008,62470008
WarGames,12000000,74433837,62433837
Lights Out,5000000,67268835,62268835
Green Book,23000000,85080171,62080171
Sherlock Holmes: A Game of Shadows,125000000,186848418,61848418
Miss Congeniality,45000000,106807667,61807667
Jackass: Number Two,11000000,72778712,61778712
The Day After Tomorrow,125000000,186740799,61740799
Armageddon,140000000,201578182,61578182
The Purge,3000000,64473115,61473115
The Bourne Identity,60000000,121468960,61468960
Maleficent,180000000,241407328,61407328
Pineapple Express,26000000,87341380,61341380
School of Rock,20000000,81261177,61261177
Disturbia,20000000,80818974,60818974
Deep Impact,80000000,140464664,60464664
Ace Ventura: Pet Detective,12000000,72217396,60217396
The Visit,5000000,65206105,60206105
Mystic River,30000000,90135191,60135191
Justin Bieber: Never Say Never,13000000,73013910,60013910
Clear and Present Danger,62000000,122012656,60012656
Pitch Perfect 3,45000000,104897530,59897530
Godâs Not Dead,1150000,60755732,59605732
Wanted,75000000,134508551,59508551
Fifty Shades Darker,55000000,114434010,59434010
Jackass: The Movie,5000000,64282312,59282312
Scooby-Doo 2: Monsters Unleashed,25000000,84185387,59185387
Anchorman: The Legend of Ron Burgundy,25000000,84136909,59136909
The Rock,75000000,134069511,59069511
Beetlejuice,15000000,73839613,58839613
Hannah Montana/Miley Cyrus: Best of Both Worlds Concert Tour,6500000,65281781,58781781
Book Club,10000000,68566296,58566296
The Crying Game,4000000,62546695,58546695
Valentine's Day,52000000,110485654,58485654
Star Trek III: The Search for Spock,18000000,76471046,58471046
Bring it On,10000000,68353550,58353550
Act of Valor,12000000,70012847,58012847
Ben-Hur,15000000,73000000,58000000
Insidious: The Last Key,10000000,67745330,57745330
Free Willy,20000000,77698625,57698625
Freddy vs. Jason,25000000,82622655,57622655
Blades of Glory,61000000,118594548,57594548
Big Hero 6,165000000,222527828,57527828
Bridge to Terabithia,25000000,82234139,57234139
The Exorcism of Emily Rose,18000000,75072454,57072454
Sisters,30000000,87044645,57044645
The Pacifier,56000000,113006880,57006880
The Social Network,40000000,96962694,56962694
Dick Tracy,47000000,103738726,56738726
Journey to the Center of the Earth,45000000,101704370,56704370
Mama,15000000,71628180,56628180
The First Purge,13000000,69488745,56488745
Charlie and the Chocolate Factory,150000000,206459076,56459076
Ratatouille,150000000,206445654,56445654
Thor: The Dark World,150000000,206362140,56362140
Groundhog Day,14600000,70906973,56306973
Chariots of Fire,5500000,61558162,56058162
Born on the Fourth of July,14000000,70001698,56001698
Jimmy Neutron: Boy Genius,25000000,80936232,55936232
How to Lose a Guy in 10 Days,50000000,105807520,55807520
The Pelican Brief,45000000,100768056,55768056
Pokemon: The First Movie,30000000,85744662,55744662
SpongeBob SquarePants: The Movie,30000000,85416609,55416609
Batman Begins,150000000,205343774,55343774
Interview with the Vampire: The Vampire Chronicles,50000000,105264608,55264608
I Know What You Did Last Summer,17000000,72250091,55250091
The Town,37000000,92186262,55186262
Cloverfield,25000000,80048433,55048433
Dear John,25000000,80014842,55014842
My Fair Lady,17000000,72000000,55000000
Cool Runnings,14000000,68856263,54856263
Click,82500000,137355633,54855633
Private Benjamin,15000000,69847348,54847348
Saw,1200000,55968727,54768727
Shazam!,85000000,139606856,54606856
Thunderball,9000000,63600000,54600000
Splash,8000000,62599495,54599495
Sideways,17000000,71502303,54502303
Total Recall,65000000,119394839,54394839
Superman II,54000000,108185706,54185706
Julie & Julia,40000000,94125426,54125426
Fantastic Beasts and Where to Find Them,180000000,234037575,54037575
He's Just Not That Into You,40000000,93953653,53953653
Up in the Air,30000000,83823381,53823381
The Mule,50000000,103804407,53804407
Grown Ups 2,80000000,133668525,53668525
Teenage Mutant Ninja Turtles II: The Secret of the Ooze,25000000,78656813,53656813
Rio,90000000,143619809,53619809
The Rookie,22000000,75600072,53600072
Arrival,47000000,100546139,53546139
Witness,12000000,65532576,53532576
The Best Man Holiday,17000000,70525195,53525195
She's All That,10000000,63465522,53465522
Die Hard,28000000,81350242,53350242
Step Up,12000000,65328121,53328121
Saw IV,10000000,63300095,53300095
Madea's Family Reunion,10000000,63257940,53257940
Tyler Perryâs Boo! A Madea Halloween,20000000,73206343,53206343
Alvin and the Chipmunks: Chipwrecked,80000000,133107389,53107389
The Hobbit: An Unexpected Journey,250000000,303003568,53003568
How to Train Your Dragon,165000000,217581232,52581232
Chronicle,12000000,64575175,52575175
Road Trip,16000000,68525609,52525609
Insidious,1500000,54009150,52509150
Brave,185000000,237282182,52282182
Parental Guidance,25000000,77267296,52267296
The Devil Inside,1000000,53262945,52262945
Limitless,27000000,79249455,52249455
Coal Miner's Daughter,15000000,67182787,52182787
The Croods,135000000,187168425,52168425
Captain Phillips,55000000,107136417,52136417
Harry Potter and the Half-Blood Prince,250000000,302089278,52089278
John Wick: Chapter Two,40000000,92029184,52029184
Zombieland,23600000,75590286,51990286
Little Miss Sunshine,8000000,59891098,51891098
Mr. Hollandâs Opus,31000000,82582604,51582604
Magic Mike XXL,14500000,66013057,51513057
Philadelphia,26000000,77324422,51324422
The Untouchables,25000000,76270454,51270454
Old School,24000000,75155000,51155000
2 Fast 2 Furious,76000000,127120058,51120058
Beavis and Butt-Head Do America,12000000,63118386,51118386
The Notebook,30000000,81001787,51001787
The Ugly Truth,38000000,88915214,50915214
Ride Along 2,40000000,90862685,50862685
You've Got Mail,65000000,115821495,50821495
Inglourious Basterds,70000000,120774594,50774594
Scary Movie 4,40000000,90710620,50710620
Happy Death Day,5000000,55683845,50683845
Unbroken,65000000,115637895,50637895
Patton,12000000,62500000,50500000
The Sum of All Fears,68000000,118471320,50471320
Mortal Kombat,20000000,70433227,50433227
Men in Black 2,140000000,190418803,50418803
Get Hard,40000000,90411453,50411453
Easy A,8000000,58401464,50401464
Get Smart,80000000,130319208,50319208
George Of The Jungle,55000000,105263257,50263257
Ant-Man,130000000,180202163,50202163
Lethal Weapon,15000000,65192350,50192350
The Princess Diaries 2: Royal Engagement,45000000,95149435,50149435
The Boss Baby,125000000,175003033,50003033
Boyz n the Hood,6500000,56190094,49690094
Hook,70000000,119654823,49654823
Hannah Montana the Movie,30000000,79576189,49576189
The Bridges of Madison County,22000000,71516617,49516617
1408,22500000,71985628,49485628
2001: A Space Odyssey,10500000,59936321,49436321
American Wedding,55000000,104354205,49354205
No Country for Old Men,25000000,74273505,49273505
Couples Retreat,60000000,109205660,49205660
The Best Little Whorehouse in Texas,20500000,69701637,49201637
Snow Dogs,32000000,81150692,49150692
White Chicks,20000000,69148997,49148997
Scream 3,40000000,89138076,49138076
Diary of a Wimpy Kid,15000000,64003625,49003625
Paranormal Activity 4,5000000,53900335,48900335
Miracles from Heaven,13000000,61705123,48705123
The Revenant,135000000,183637894,48637894
The Bucket List,45000000,93466502,48466502
Little Fockers,100000000,148438600,48438600
Night School,29000000,77339130,48339130
Saving Mr. Banks,35000000,83299761,48299761
Obsessed,20000000,68261644,48261644
Four Weddings and a Funeral,4500000,52700832,48200832
Robots,80000000,128200012,48200012
Nacho Libre,32000000,80197993,48197993
Goldfinger,3000000,51100000,48100000
Out of Africa,31000000,79096868,48096868
Back to the Future Part III,40000000,88055283,48055283
Crash,7303082,55334418,48031336
Shutter Island,80000000,128012934,48012934
Friday the 13th,17000000,65002019,48002019
Pitch Perfect,17000000,65001093,48001093
Star Trek VI: The Undiscovered Country,27000000,74888996,47888996
Spy Kids 2: The Island of Lost Dreams,38000000,85846296,47846296
Murder on the Orient Express,55000000,102826543,47826543
La Bamba,6500000,54215416,47715416
Yes Man,50000000,97690976,47690976
Next Friday,9500000,57176582,47676582
America's Sweethearts,46000000,93607673,47607673
Deuce Bigalow: Male Gigolo,18000000,65535067,47535067
Home,130000000,177397510,47397510
Holes,20000000,67383924,47383924
Stomp the Yard,14000000,61356221,47356221
Die Hard 2,70000000,117323878,47323878
Panic Room,48000000,95308367,47308367
Apocalypse Now,31500000,78800000,47300000
Star Trek: The Motion Picture,35000000,82258456,47258456
The Client,45000000,92115211,47115211
Barbershop 2: Back in Business,18000000,65070412,47070412
Pearl Harbor,151500000,198539855,47039855
Snow Day,13000000,60008303,47008303
S.W.A.T.,70000000,116877597,46877597
27 Dresses,30000000,76808654,46808654
The Amityville Horror,18500000,65233369,46733369
Halloween,325000,47000000,46675000
The Equalizer,55000000,101530738,46530738
Rugrats in Paris,30000000,76501438,46501438
Bridget Jones's Diary,25000000,71500556,46500556
Goldeneye,60000000,106429941,46429941
National Lampoonâs Vacation,15000000,61400000,46400000
Chocolat,25000000,71309760,46309760
Ordinary People,6000000,52302978,46302978
True Lies,100000000,146282411,46282411
Rocky Balboa,24000000,70269899,46269899
The Accountant,40000000,86260045,46260045
Dumb and Dumber To,40000000,86208010,46208010
21,35000000,81159365,46159365
The Italian Job,60000000,106126012,46126012
White Noise,10000000,56094360,46094360
Along Came Polly,42000000,88073507,46073507
Along Came a Spider,28000000,74058698,46058698
Star Trek: First Contact,46000000,92027888,46027888
Pet Sematary,11500000,57469179,45969179
Saw V,10800000,56746769,45946769
Ouija,5000000,50856010,45856010
Spy!,65000000,110825712,45825712
50 First Dates,75000000,120776832,45776832
The Omen,2800000,48570885,45770885
No Strings Attached,25000000,70662220,45662220
Tyler Perry's Madea's Witness Protection,20000000,65653242,45653242
The Hitmanâs Bodyguard,30000000,75468583,45468583
Fifty Shades Freed,55000000,100407760,45407760
Casper,55000000,100328194,45328194
What Happens in Vegas...,35000000,80277646,45277646
San Andreas,110000000,155190832,45190832
Sinister,3000000,48086903,45086903
Hop,63000000,108085305,45085305
Mission: ImpossibleâRogue Nation,150000000,195042377,45042377
Deep Throat,25000,45000000,44975000
The Butterfly Effect,13000000,57924679,44924679
Diary of a Mad Black Woman,5500000,50406346,44906346
The Prince of Tides,30000000,74787599,44787599
Something's Gotta Give,80000000,124685242,44685242
Four Brothers,30000000,74494381,44494381
The Shape of Water,19500000,63859435,44359435
The Godfather: Part II,13000000,57300000,44300000
Stand by Me,8000000,52287414,44287414
Daddy Day Care,60000000,104148781,44148781
Napoleon Dynamite,400000,44540956,44140956
A Bad Moms Christmas,28000000,72110659,44110659
Cape Fear,35000000,79091969,44091969
The Other Woman,40000000,83911193,43911193
Hairspray,75000000,118871849,43871849
WALL-E,180000000,223808164,43808164
The English Patient,35000000,78716374,43716374
Date Night,55000000,98711404,43711404
The Muppets,45000000,88625922,43625922
The Strangers,9000000,52597610,43597610
The Blue Lagoon,4500000,47923795,43423795
Safe Haven,28000000,71399120,43399120
Halloween,15000000,58269151,43269151
Zero Dark Thirty,52500000,95720716,43220716
The Last Song,20000000,62950384,42950384
Clueless,13700000,56598476,42898476
Project X,12000000,54731865,42731865
Now You See Me,75000000,117723989,42723989
Enchanted,85000000,127706877,42706877
The General's Daughter,60000000,102705852,42705852
Bad Boys,23000000,65647413,42647413
The Divine Secrets of the Ya-Ya Sisterhood,27000000,69586544,42586544
Hostel,4800000,47326473,42526473
Bram Stoker's Dracula,40000000,82522790,42522790
The Village,71682975,114197520,42514545
"Three Billboards Outside Ebbing, Missouri",12000000,54513740,42513740
The Full Monty,3500000,45950122,42450122
The Departed,90000000,132384315,42384315
The Color of Money,10000000,52293000,42293000
The Big Short,28000000,70259870,42259870
Insidious Chapter 3,10000000,52218558,42218558
Jason Bourne,120000000,162192920,42192920
Mission: ImpossibleâFallout,178000000,220159104,42159104
The Shallows,13000000,55121623,42121623
The Family Stone,18000000,60062868,42062868
Bad Santa,18000000,60060328,42060328
The Amazing Spider-Man,220000000,262030663,42030663
Mary Poppins Returns,130000000,171958438,41958438
My Cousin Vinny,11000000,52929168,41929168
Cloudy with a Chance of Meatballs 2,78000000,119793567,41793567
Get Shorty,30250000,72021008,41771008
Non-Stop,50000000,91742160,41742160
Predator,18000000,59735548,41735548
My Big Fat Greek Wedding 2,18000000,59689605,41689605
Eight Below,40000000,81612565,41612565
Contraband,25000000,66528000,41528000
My Girl,16500000,58011485,41511485
The Wedding Ringer,23000000,64460211,41460211
The Queen,15000000,56441711,41441711
The Prince of Egypt,60000000,101413188,41413188
The Talented Mr. Ripley,40000000,81292135,41292135
Taken 3,48000000,89256424,41256424
Midnight Cowboy,3600000,44785053,41185053
Safe House,85000000,126181630,41181630
Stepmom,50000000,91137662,41137662
Think Like a Man Too,24000000,65028687,41028687
Dr. Dolittle 2,72000000,112950721,40950721
Breaking In,6000000,46840590,40840590
The Mighty Ducks,10000000,50752337,40752337
Godzilla,160000000,200676069,40676069
Lost in Translation,4000000,44585453,40585453
Step Up 2 the Streets,17500000,58017783,40517783
RoboCop,13000000,53424681,40424681
Octopussy,27500000,67900000,40400000
Disney Planes,50000000,90282580,40282580
Why Did I Get Married?,15000000,55204525,40204525
Collateral,60000000,100170152,40170152
Four Christmases,80000000,120146040,40146040
Why Did I Get Married Too?,20000000,60095852,40095852
Dunkirk,150000000,190068280,40068280
"I, Robot",105000000,144801023,39801023
A Nightmare On Elm Street 3: Dream Warriors,5000000,44793222,39793222
Lion,12000000,51739495,39739495
Ever After: A Cinderella Story,26000000,65705772,39705772
Sea of Love,19000000,58571513,39571513
"Me, Myself & Irene",51000000,90570999,39570999
If I Stay,11000000,50474843,39474843
No se Aceptan Devoluciones,5000000,44467206,39467206
No Good Deed,13200000,52543632,39343632
The Woman in Black,15000000,54333290,39333290
A Dogâs Purpose,25000000,64321890,39321890
Blockers,21000000,60311495,39311495
Nutty Professor II: The Klumps,84000000,123307945,39307945
Role Models,28000000,67300955,39300955
Moonraker,31000000,70300000,39300000
The Last Exorcism,1800000,41034350,39234350
Friday the 13th,550000,39754601,39204601
Manchester by the Sea,8500000,47695371,39195371
The Call,12800000,51872378,39072378
The Perfect Guy,18000000,57027435,39027435
The French Connection,2200000,41158757,38958757
Lady Bird,10000000,48958273,38958273
"Alexander and the Terrible, Horrible, No Good, Very Bad Day",28000000,66954149,38954149
Maid in Manhattan,55000000,93932896,38932896
Major League,11000000,49793054,38793054
The Gift,5000000,43787265,38787265
Star Trek Into Darkness,190000000,228778661,38778661
Five Feet Apart,7000000,45729221,38729221
Failure to Launch,50000000,88715192,38715192
Inside Man,50000000,88634237,38634237
Dawn of the Planet of the Apes,170000000,208545589,38545589
Overboard,12000000,50316123,38316123
Patriot Games,45000000,83287363,38287363
Clash of the Titans,125000000,163214888,38214888
Hotel for Dogs,35000000,73178547,38178547
Halloween: H2O,17000000,55041738,38041738
The Verdict,16000000,53977250,37977250
Monster-in-Law,45000000,82931301,37931301
Truth or Dare,3500000,41411015,37911015
The Big Sick,5000000,42872467,37872467
Son of God,22000000,59700064,37700064
West Side Story,6000000,43700000,37700000
Star Trek: Generations,38000000,75671262,37671262
La vita Ã¨ bella,20000000,57598247,37598247
Precious (Based on the Novel Push by Sapphire),10000000,47566524,37566524
My Bloody Valentine,14000000,51545952,37545952
A Haunted House,2500000,40041683,37541683
Evil Dead,17000000,54239856,37239856
Lara Croft: Tomb Raider,94000000,131144183,37144183
Just Married,19000000,56127162,37127162
28 Days Laterâ¦,8000000,45064915,37064915
It's a Mad Mad Mad Mad World,9400000,46300000,36900000
Varsity Blues,16000000,52894169,36894169
The Return of the Pink Panther,5000000,41833347,36833347
12 Years a Slave,20000000,56671993,36671993
Captain America: The First Avenger,140000000,176654505,36654505
Jet Li's Hero,17000000,53652140,36652140
Tom Jones,1000000,37600000,36600000
Diamonds Are Forever,7200000,43800000,36600000
Legends of the Fall,30000000,66502573,36502573
Looper,30000000,66486205,36486205
Drumline,20000000,56398162,36398162
Crimson Tide,55000000,91387195,36387195
The Best Exotic Marigold Hotel,10000000,46383639,36383639
Warm Bodies,30000000,66380662,36380662
Miracle,28000000,64378093,36378093
A Nightmare on Elm Street 4: The Dream Master,13000000,49369899,36369899
Me Before You,20000000,56245075,36245075
This Christmas,13000000,49121934,36121934
The Emoji Movie,50000000,86089513,36089513
Around the World in 80 Days,6000000,42000000,36000000
Soul Food,7500000,43492389,35992389
The Four Seasons,6500000,42488161,35988161
Captain Underpants: The First Epic Movie,38000000,73921000,35921000
Last Vegas,28000000,63914167,35914167
Austin Powers: International Man of Mystery,18000000,53883989,35883989
The Land Before Time,12300000,48092846,35792846
The Intern,40000000,75764672,35764672
About Last Night,13000000,48637684,35637684
Phone Booth,11000000,46566212,35566212
Due Date,65000000,100539043,35539043
The Last of the Mohicans,40000000,75505856,35505856
Step Brothers,65000000,100468793,35468793
Jumanji,65000000,100458310,35458310
The Lucky One,25000000,60457138,35457138
Transformers: Age of Extinction,210000000,245439076,35439076
Flatliners,26000000,61308153,35308153
Ray,40000000,75305995,35305995
Charlie's Angels,90000000,125305545,35305545
Dolphin Tale,37000000,72286779,35286779
The Original Kings of Comedy,3000000,38168022,35168022
The Possession,14000000,49130588,35130588
The Black Stallion,2700000,37799643,35099643
John Q,36000000,71026631,35026631
Stuart Little,105000000,140015224,35015224
About Schmidt,30000000,65005217,35005217
Little Women,15000000,50003303,35003303
Escape from Alcatraz,8000000,43000000,35000000
The Deer Hunter,15000000,50000000,35000000
Oz the Great and Powerful,200000000,234770996,34770996
Coco,175000000,209726015,34726015
I Now Pronounce You Chuck and Larry,85000000,119725280,34725280
Flightplan,55000000,89706988,34706988
Diary of a Wimpy Kid: Rodrick Rules,18000000,52698535,34698535
What Men Want,20000000,54611903,34611903
Pale Rider,6900000,41410568,34510568
The Angry Birds Movie,73000000,107509366,34509366
Friday the 13th Part 3,2250000,36690067,34440067
"Crazy, Stupid, Love",50000000,84351197,34351197
Seabiscuit,86000000,120277854,34277854
BlacKkKlansman,15000000,49275340,34275340
Kingsman: The Secret Service,94000000,128261724,34261724
The Nut Job,30000000,64251538,34251538
Annie Hall,4000000,38251425,34251425
In the Bedroom,1700000,35930604,34230604
Down to Earth,30000000,64172251,34172251
Sin City,40000000,74103820,34103820
The Boss,29000000,63077560,34077560
Hereditary,10000000,44069456,34069456
Barbershop: The Next Cut,20000000,54030051,34030051
Daddyâs Home 2,70000000,104029443,34029443
Edward Scissorhands,20000000,53976987,33976987
Amadeus,18000000,51973029,33973029
X-Men: Days of Future Past,200000000,233921534,33921534
Guess Who,35000000,68915888,33915888
Woodstock,600000,34505110,33905110
Hoodwinked,17500000,51386611,33886611
Caddyshack,6000000,39846344,33846344
The Animal,22000000,55762229,33762229
"Dude, Where's My Car?",13000000,46729374,33729374
Pet Sematary,21000000,54724696,33724696
Fences,24000000,57682904,33682904
Babe,30000000,63658910,33658910
You Only Live Twice,9500000,43100000,33600000
A Simple Favor,20000000,53548586,33548586
Hope Springs,30000000,63536011,33536011
Kiss the Girls,27000000,60527873,33527873
Cats & Dogs,60000000,93375151,33375151
Two Weeks Notice,60000000,93354918,33354918
The Whole Nine Yards,24000000,57262492,33262492
First Blood,14000000,47212904,33212904
Forgetting Sarah Marshall,30000000,63172463,33172463
The Piano,7000000,40157856,33157856
Paul Blart: Mall Cop 2,38000000,71091594,33091594
Fireproof,500000,33456317,32956317
When a Stranger Calls,15000000,47860214,32860214
Big Fat Liar,15000000,47811275,32811275
The Spy Who Loved Me,14000000,46800000,32800000
I Can Do Bad All By Myself,19000000,51733921,32733921
The Smurfs,110000000,142614158,32614158
This is 40,35000000,67544505,32544505
Courageous,2000000,34522221,32522221
A Cinderella Story,19000000,51438175,32438175
The Wedding Planner,28000000,60400856,32400856
Open Range,26000000,58331254,32331254
Bridge of Spies,40000000,72313754,32313754
Face/Off,80000000,112276146,32276146
Vantage Point,40000000,72266306,32266306
The Hundred-Foot Journey,22000000,54235441,32235441
Blue Streak,36000000,68208190,32208190
Game Night,37000000,69179066,32179066
Ocean's Thirteen,85000000,117144465,32144465
Selma,20000000,52076908,32076908
You Got Served,8000000,40066497,32066497
"I Love You, Man",40000000,72013010,32013010
The Boy Next Door,4000000,36006065,32006065
How to Train Your Dragon 2,145000000,177002924,32002924
The Greatest Show on Earth,4000000,36000000,32000000
The Post,50000000,81903458,31903458
Red Eye,26000000,57891803,31891803
Romeo+Juliet,14500000,46338728,31838728
How to Train Your Dragon: The Hidden World,129000000,160791800,31791800
Unfriended,1000000,32789645,31789645
Silent Movie,4400000,36145695,31745695
Young Guns,13000000,44726644,31726644
The Terminator,6400000,38019031,31619031
Payback,50000000,81526121,31526121
Tombstone,25000000,56505065,31505065
The Wizard of Oz,2777000,34063405,31286405
Training Day,45000000,76261036,31261036
Friday Night Lights,30000000,61255921,31255921
The Peanuts Movie,99000000,130178411,31178411
St. Vincent,13000000,44137712,31137712
Sleepy Hollow,70000000,101068340,31068340
Benji,500000,31559560,31059560
MA,5000000,36049540,31049540
"South Park: Bigger, Longer & Uncut",21000000,52037603,31037603
Thor,150000000,181030624,31030624
Congo,50000000,81022333,31022333
The Robe,5000000,36000000,31000000
Dawn of the Dead,28000000,58990765,30990765
Romeo Must Die,25000000,55973336,30973336
Crazy Heart,8500000,39471742,30971742
Harlem Nights,30000000,60857262,30857262
2016: Obamaâs America,2500000,33349941,30849941
Shallow Hal,40000000,70836296,30836296
"Love, Simon",10000000,40826341,30826341
Gandhi,22000000,52767889,30767889
Antz,60000000,90757863,30757863
Mulan,90000000,120620254,30620254
Vanilla Sky,70000000,100614858,30614858
The Scorpion King,60000000,90580000,30580000
Baby Mama,30000000,60494212,30494212
Bill & Ted's Excellent Adventure,10000000,40485039,30485039
JFK,40000000,70405498,30405498
The Girl on the Train,45000000,75395035,30395035
Friday the 13th Part IV: The Final Chapter,2600000,32980880,30380880
Red,60000000,90380162,30380162
Shine,5500000,35811509,30311509
Final Destination,23000000,53302314,30302314
The Bridge on the River Kwai,3000000,33300000,30300000
Jumping the Broom,7000000,37295394,30295394
The Blues Brothers,27000000,57229890,30229890
A Walk to Remember,11000000,41227069,30227069
Rosemary's Baby,3200000,33395426,30195426
Madagascar: Escape 2 Africa,150000000,180174880,30174880
Big Momma's House 2,40000000,70165972,30165972
American Gangster,100000000,130164645,30164645
Hope Floats,30000000,60110313,30110313
Bedtime Stories,80000000,110101975,30101975
Minority Report,102000000,132024714,30024714
Open Water,500000,30500882,30000882
Underworld,22000000,51970690,29970690
Knowing,50000000,79957634,29957634
Cop Land,15000000,44906632,29906632
X-Men Origins: Wolverine,150000000,179883157,29883157
Freddyâs Dead: The Final Nightmare,5000000,34872033,29872033
Popeye,20000000,49823037,29823037
Kevin Hart: Let Me Explain,2500000,32244051,29744051
Coming Home,3000000,32653000,29653000
King Kong,23000000,52614445,29614445
The Omen,25000000,54607383,29607383
L.A. Confidential,35000000,64604977,29604977
Moonrise Kingdom,16000000,45512466,29512466
Monster,5000000,34469210,29469210
Hercules,70000000,99112101,29112101
The Longest Day,10000000,39100000,29100000
Final Destination 3,25000000,54098051,29098051
Sky High,35000000,63939454,28939454
Olympus Has Fallen,70000000,98927592,28927592
From Here to Eternity,1650000,30500000,28850000
The Mask of Zorro,65000000,93828745,28828745
In & Out,35000000,63826569,28826569
Bride Wars,30000000,58715510,28715510
Saw 3D,17000000,45710178,28710178
Trolls,125000000,153707064,28707064
The Artist,16000000,44667095,28667095
Happy Gilmore,10000000,38623460,28623460
The Net,22000000,50621733,28621733
The House with a Clock in its Walls,40000000,68549695,28549695
Date Movie,20000000,48548426,28548426
New Yearâs Eve,26000000,54544638,28544638
Peter Pan: Return to Neverland,20000000,48430258,28430258
Live and Let Die,7000000,35400000,28400000
Dead Man Walking,11000000,39387284,28387284
Dreamgirls,75000000,103365956,28365956
Madea's Big Happy Family,25000000,53345287,28345287
Starsky & Hutch,60000000,88200225,28200225
Without a Paddle,30000000,58156435,28156435
12 Monkeys,29000000,57141459,28141459
The Grand Budapest Hotel,31000000,59076019,28076019
A Nightmare on Elm Street,35000000,63075011,28075011
Wag the Dog,15000000,43057470,28057470
Jigsaw,10000000,38052832,28052832
Boomerang,42000000,70052444,28052444
Disclosure,55000000,83015089,28015089
Leaving Las Vegas,4000000,31983777,27983777
Snitch,15000000,42930462,27930462
Jeepers Creepers,10000000,37904175,27904175
The Jungle Book 2,20000000,47901582,27901582
Vacation,31000000,58884188,27884188
Premonition,20000000,47852604,27852604
Footloose,24000000,51802742,27802742
St. Elmoâs Fire,10000000,37800000,27800000
Itâs Complicated,85000000,112735375,27735375
The Lizzie McGuire Movie,15000000,42734455,27734455
Krampus,15000000,42725475,27725475
Blade 2,54000000,81676888,27676888
Jackie Brown,12000000,39673162,27673162
Cruel Intentions,11000000,38665260,27665260
High Anxiety,3400000,31063038,27663038
Planet of the Apes,5800000,33395426,27595426
Tyler Perry's A Madea Christmas,25000000,52543354,27543354
Michael Clayton,21500000,49033882,27533882
"McFarland, USA",17000000,44480275,27480275
Paranormal Activity: The Marked Ones,5000000,32462372,27462372
Scrooged,32000000,59450353,27450353
Oliver!,10000000,37402877,27402877
Wall Street,16500000,43848100,27348100
Once Upon a Time in Mexico,29000000,56330657,27330657
Brooklyn,11000000,38322743,27322743
Tyler Perryâs Boo 2! A Madea Halloween,20000000,47319572,27319572
Monster's Ball,4000000,31273922,27273922
The Dukes of Hazzard,53000000,80270227,27270227
Taxi Driver,1000000,28262574,27262574
Night at the Museum: Battle of the Smithsonian,150000000,177243721,27243721
Hacksaw Ridge,40000000,67209615,27209615
My Dog Skip,7000000,34099640,27099640
The Intruder,8000000,35095904,27095904
Set It Off,9000000,36049108,27049108
50/50,8000000,35016118,27016118
Yentl,12000000,39012241,27012241
Diary of a Wimpy Kid: Dog Days,22000000,49008662,27008662
Bend it Like Beckham,5600000,32543449,26943449
A Thin Line Between Love & Hate,8000000,34873513,26873513
Midnight in Paris,30000000,56816662,26816662
The Mexican,40000000,66808615,26808615
For Your Eyes Only,28000000,54800000,26800000
The Secret Life of Bees,11000000,37780486,26780486
Boogeyman,20000000,46752382,26752382
Tag,28000000,54730625,26730625
Recess: School's Out,10000000,36696761,26696761
Finding Neverland,25000000,51676606,26676606
The Unborn,16000000,42670410,26670410
Star Wars: The Clone Wars,8500000,35161554,26661554
The Grey,25000000,51580136,26580136
Enemy of the State,85000000,111549836,26549836
Sense and Sensibility,16500000,42993774,26493774
The Final Destination,40000000,66477700,26477700
Darkest Hour,30000000,56443120,26443120
The Texas Chainsaw Massacre,140000,26572439,26432439
Galaxy Quest,45000000,71423726,26423726
Moonlight,1500000,27854931,26354931
The Cell,35000000,61280963,26280963
Scary Movie 2,45000000,71277420,26277420
Mad Max Beyond Thunderdome,10000000,36230219,26230219
Ouija: Origin of Evil,9000000,35144505,26144505
Harold & Kumar Escape from Guantanamo Bay,12000000,38108728,26108728
Hide and Seek,25000000,51100486,26100486
Tarzan,145000000,171091819,26091819
Ralph Breaks The Internet,175000000,201091711,26091711
Wallace & Gromit: The Curse of the Were-Rabbit,30000000,56068547,26068547
End of Watch,15000000,41003371,26003371
Peteâs Dragon,10000000,36000000,26000000
The Ring Two,50000000,75941727,25941727
Earth to Echo,13000000,38934842,25934842
Prom Night,18000000,43869350,25869350
Soul Surfer,18000000,43853424,25853424
The Boy,10000000,35819556,25819556
Takers,32000000,57744720,25744720
Philomena,12000000,37709979,25709979
We Bought a Zoo,50000000,75624550,25624550
Moneyball,50000000,75605492,25605492
Under the Tuscan Sun,18000000,43601508,25601508
The Tigger Movie,20000000,45542421,25542421
Darkness Falls,7000000,32539681,25539681
The DUFF,8500000,34030343,25530343
Space Cowboys,65000000,90454043,25454043
Time Bandits,12000000,37400000,25400000
Dressed to Kill,6500000,31899000,25399000
Garfield: The Movie,50000000,75367693,25367693
The Faculty,15000000,40283321,25283321
"Definitely, Maybe",7000000,32241649,25241649
Bumblebee,102000000,127195589,25195589
Crossroads,12000000,37188667,25188667
10 Things I Hate About You,13000000,38177966,25177966
Blade,45000000,70141876,25141876
The Best Man,9000000,34102780,25102780
The Equalizer 2,77000000,102084362,25084362
Commando,10000000,35073978,25073978
Almost Christmas,17000000,42065185,25065185
Spotlight,20000000,45055776,25055776
Species,35000000,60054449,25054449
The Shining,19000000,44017374,25017374
(500) Days of Summer,7500000,32425665,24925665
Cloudy with a Chance of Meatballs,100000000,124870275,24870275
Journey 2: The Mysterious Island,79000000,103860290,24860290
The Benchwarmers,35000000,59843754,24843754
A Bridge Too Far,26000000,50800000,24800000
Firefox,21000000,45785720,24785720
Rumble in the Bronx,7500000,32281907,24781907
The Hills Have Eyes,17000000,41778863,24778863
House at the End of the Street,6900000,31611916,24711916
Secretariat,35000000,59699513,24699513
Live Free or Die Hard,110000000,134529403,24529403
"Good Night, and Good Luck",7000000,31501218,24501218
Uncle Drew,18000000,42469946,24469946
A Man for All Seasons,3900000,28350000,24450000
The Time Traveler's Wife,39000000,63414846,24414846
Wreck-It Ralph,165000000,189412677,24412677
The Master of Disguise,16000000,40363530,24363530
X-Men: The Last Stand,210000000,234362462,24362462
The Royal Tenenbaums,28000000,52353636,24353636
Birdman or (The Unexpected Virtue of Ignorance),18000000,42340598,24340598
Garden State,2500000,26782316,24282316
Child's Play,9000000,33244684,24244684
Menace II Society,3500000,27731527,24231527
Christopher Robin,75000000,99215042,24215042
17 Again,40000000,64167069,24167069
Identity,28000000,52131264,24131264
"Everything, Everything",10000000,34121140,24121140
Urban Legend,14000000,38116707,24116707
What's Love Got to Do With It,15000000,39100956,24100956
Dirty Grandpa,11500000,35593113,24093113
Carrie,1800000,25878153,24078153
Road to Perdition,80000000,104054514,24054514
Cobra,25000000,49042224,24042224
Friday,3500000,27467564,23967564
Mouse Hunt,38000000,61894591,23894591
Nightcrawler,8500000,32381218,23881218
Pain & Gain,26000000,49875291,23875291
City of Angels,55000000,78750909,23750909
The Lost Boys,8500000,32222567,23722567
A Nightmare on Elm Street,1800000,25504513,23704513
Christmas with the Kranks,50000000,73701902,23701902
P.S. I Love You,30000000,53695808,23695808
Unknown,40000000,63686397,23686397
Devil,10000000,33679655,23679655
Graduation Day,250000,23894000,23644000
Second Act,15700000,39282227,23582227
Acrimony,20000000,43549096,23549096
"Sex, Lies, and Videotape",1200000,24741667,23541667
The Texas Chainsaw Massacre: The Beginning,16000000,39517763,23517763
Peggy Sue Got Married,18000000,41382841,23382841
The Illusionist,16500000,39868642,23368642
Corpse Bride,30000000,53359111,23359111
That Thing You Do!,2500000,25857416,23357416
Burn After Reading,37000000,60355347,23355347
Monsters vs. Aliens,175000000,198351526,23351526
Gosford Park,18000000,41300105,23300105
Friday After Next,10000000,33253609,23253609
The House Bunny,25000000,48237389,23237389
"20,000 Leagues Under the Sea",5000000,28200000,23200000
An Inconvenient Truth,1000000,24146161,23146161
House of Wax,658000,23800000,23142000
The Second Best Exotic Marigold Hotel,10000000,33078266,23078266
Life of the Party,30000000,53059911,23059911
Orange County,18000000,41059716,23059716
Halloween II,2500000,25533818,23033818
Letters to Juliet,30000000,53032453,23032453
Just Go With It,80000000,103028109,23028109
Interstellar,165000000,188017894,23017894
The Last Dragon,10000000,33000000,23000000
Blow,30000000,52990775,22990775
Not Another Teen Movie,15000000,37882551,22882551
Wild,15000000,37880356,22880356
Message in a Bottle,30000000,52880016,22880016
Thirteen Ghosts,19000000,41867960,22867960
Le Fabuleux destin d'AmÃ©lie Poulain,10350000,33201661,22851661
From Russia With Love,2000000,24800000,22800000
Source Code,32000000,54712227,22712227
Oculus,5000000,27695246,22695246
Days of Thunder,60000000,82670733,22670733
The Gallows,100000,22764410,22664410
Max,20000000,42656255,22656255
Mad Max 2: The Road Warrior,2000000,24600832,22600832
Fast Times at Ridgemont High,4500000,27092880,22592880
Cheaper by the Dozen 2,60000000,82571173,22571173
Agent Cody Banks,25000000,47545060,22545060
Daredevil,80000000,102543518,22543518
Lawrence of Arabia,15000000,37495385,22495385
Notorious,2000000,24464742,22464742
Southpaw,30000000,52421953,22421953
Inspector Gadget,75000000,97387965,22387965
In the Heat of the Night,2000000,24379978,22379978
Why Him?,38000000,60323786,22323786
Woman in Gold,11000000,33307793,22307793
Dallas Buyers Club,5000000,27298285,22298285
No Escape,5000000,27288872,22288872
Nanny McPhee,25000000,47279279,22279279
Coach Carter,45000000,67264877,22264877
Serendipity,28000000,50255310,22255310
Star Trek V: The Final Frontier,30000000,52210049,22210049
Arachnophobia,31000000,53208180,22208180
How to Be a Latin Lover,10000000,32149404,22149404
Some Like it Hot,2883848,25000000,22116152
The Lawnmower Man,10000000,32100816,22100816
Goosebumps,58000000,80069458,22069458
The Bounty Hunter,45000000,67061228,22061228
Meet the Browns,20000000,41975388,21975388
The Man in the Iron Mask,35000000,56968169,21968169
Dragon Ball Super: Broly,8500000,30376755,21876755
Taps,14000000,35856053,21856053
House on Haunted Hill,19000000,40846082,21846082
"You, Me and Dupree",54000000,75802010,21802010
Waking Ned Devine,3000000,24793251,21793251
Changing Lanes,45000000,66790248,21790248
Barnyard: The Original Party Animals,51000000,72779000,21779000
Unbreakable,73243106,94999143,21756037
Capote,7000000,28750530,21750530
Quo Vadis?,8250000,30000000,21750000
Goodfellas,25000000,46743809,21743809
Death at a Funeral,21000000,42739347,21739347
Entrapment,66000000,87707396,21707396
My Sister's Keeper,27500000,49200230,21700230
Air Bud,3000000,24646936,21646936
The Witch,3500000,25138705,21638705
El Laberinto del Fauno,16000000,37634615,21634615
Orphan,20000000,41596251,21596251
Winchester,3500000,25091816,21591816
Atomic Blonde,30000000,51573925,21573925
The Best Years of Our Lives,2100000,23600000,21500000
A Walk in the Woods,8000000,29499394,21499394
Nick and Norah's Infinite Playlist,10000000,31487293,21487293
The Brothers,6000000,27457409,21457409
Eagle Eye,80000000,101440743,21440743
Like Mike,30000000,51432423,21432423
Boyhood,4000000,25379975,21379975
The Thomas Crown Affair,48000000,69304264,21304264
The Roommate,16000000,37300107,21300107
Teenage Mutant Ninja Turtles III,21000000,42273609,21273609
Insomnia,46000000,67263182,21263182
Paddington,55000000,76223578,21223578
Get Him to the Greek,40000000,61153526,21153526
Con Air,80000000,101117573,21117573
The Expendables,82000000,103068524,21068524
Naked Gun 33 1/3: The Final Insult,30000000,51041856,21041856
Tyler Perry's Good Deeds,14000000,35025791,21025791
Going in Style,24000000,45018541,21018541
Calendar Girls,10000000,31011616,21011616
The Elephant Man,5000000,26010864,21010864
Atonement,30000000,50980159,20980159
Superman III,39000000,59950623,20950623
40 Days and 40 Nights,17000000,37939782,20939782
Annie,65000000,85911262,20911262
Final Destination 2,26000000,46896664,20896664
The Theory of Everything,15000000,35893537,20893537
The Star,20000000,40847995,20847995
Friends with Benefits,35000000,55802754,20802754
The Lazarus Effect,5000000,25801570,20801570
White Fang,14000000,34729091,20729091
Water for Elephants,38000000,58709717,20709717
Dangerous Liaisons,14000000,34700000,20700000
The Rose,8500000,29200000,20700000
Maze Runner: The Scorch Trials,61000000,81697192,20697192
History of the World: Part I,11000000,31672000,20672000
Good Boy!,17000000,37667746,20667746
Dogma,10000000,30651422,20651422
Anaconda,45000000,65598907,20598907
Eat Pray Love,60000000,80574010,20574010
Slender Man,10000000,30564825,20564825
Memento,5000000,25544867,20544867
Tropic Thunder,90000000,110515313,20515313
V for Vendetta,50000000,70511035,20511035
Friday the 13th Part 2,1250000,21722776,20472776
Law Abiding Citizen,53000000,73357727,20357727
The Fog,1100000,21445318,20345318
Neighbors 2: Sorority Rising,35000000,55340730,20340730
A View to a Kill,30000000,50327960,20327960
The Banger Sisters,10000000,30306281,20306281
Yogi Bear,80000000,100246011,20246011
The Wrestler,6000000,26238243,20238243
The Divergent Series: Insurgent,110000000,130179072,20179072
13 Going On 30,37000000,57139723,20139723
The Crazies,19000000,39123589,20123589
Snatch,10000000,30093107,20093107
The Giver,25000000,45090374,20090374
Kick-Ass,28000000,48071303,20071303
Jack Reacher,60000000,80070736,20070736
Drive,15000000,35060689,20060689
Road House,10000000,30050028,20050028
The Skulls,15000000,35007180,20007180
Do the Right Thing,6000000,26004026,20004026
Paper Towns,12000000,32000304,20000304
Scarface,25000000,44942821,19942821
Network,3800000,23689877,19889877
Our Idiot Brother,5000000,24814830,19814830
Teen Titans Go! To The Movies,10000000,29790236,19790236
Racing Stripes,30000000,49772522,19772522
When the Bough Breaks,10000000,29747603,19747603
Epic Movie,20000000,39739367,19739367
Friday the 13th Part V: A New Beginning,2200000,21930418,19730418
Quarantine,12000000,31691811,19691811
Cabin Fever,1500000,21158188,19658188
Sling Blade,4833610,24475416,19641806
One Hour Photo,12000000,31597131,19597131
Gothika,40000000,59588068,19588068
Hawaii,15000000,34562222,19562222
The Great Gatsby,7000000,26533200,19533200
"O Brother, Where Art Thou?",26000000,45506619,19506619
Twilight Zone: The Movie,10000000,29500000,19500000
Never Say Never Again,36000000,55500000,19500000
In Good Company,26000000,45489752,19489752
Nothing To Lose,25000000,44480039,19480039
The Strangers: Prey at Night,5000000,24431472,19431472
The Eye,12000000,31418697,19418697
Hustle & Flow,2800000,22202809,19402809
The Messengers,16000000,35374833,19374833
The Favourite,15000000,34366783,19366783
Instant Family,48000000,67363237,19363237
Brown Sugar,8000000,27362712,19362712
A Low Down Dirty Shame,10000000,29317886,19317886
Malibu's Most Wanted,15000000,34308901,19308901
Lakeview Terrace,20000000,39263506,19263506
Puss in Boots,130000000,149260504,19260504
Escape from New York,6000000,25244700,19244700
Hardball,21000000,40222729,19222729
The Other Guys,100000000,119219978,19219978
Point Break,24000000,43218387,19218387
Johnson Family Vacation,12000000,31203964,19203964
How High,12000000,31155435,19155435
TMNT,35000000,54149098,19149098
Clerks II,5000000,24148068,19148068
The Grudge 2,20000000,39143839,19143839
The Wood,6000000,25059640,19059640
Happy Death Day 2U,9000000,28051045,19051045
Cliffhanger,65000000,84049211,19049211
The Descent,7000000,26024456,19024456
"I, Tonya",11000000,30014534,19014534
The Last Emperor,25000000,43984987,18984987
Don Jon,5500000,24477704,18977704
Die Another Day,142000000,160942139,18942139
One Direction: This is Us,10000000,28873374,18873374
All About Steve,15000000,33862903,18862903
Behind Enemy Lines,40000000,58855732,18855732
Where the Heart Is,15000000,33771174,18771174
Exit Wounds,33000000,51758599,18758599
Smokin' Aces,17000000,35662731,18662731
Lemony Snicket's A Series of Unfortunate Events,100000000,118627117,18627117
Nerve,20000000,38583626,18583626
Bowling for Columbine,3000000,21576018,18576018
Swimfan,10000000,28564995,18564995
Desperado,7000000,25532388,18532388
The Bone Collector,48000000,66488090,18488090
Employee of the Month,10000000,28444855,18444855
Megamind,130000000,148415853,18415853
Halloween 2,15000000,33392973,18392973
I Am Sam,22000000,40270895,18270895
Conan the Barbarian,20000000,38264085,18264085
A Nightmare on Elm Street Part 2: Freddy's Revenge,3000000,21163999,18163999
Howards End,8000000,26124872,18124872
That Awkward Moment,8000000,26068955,18068955
BrÃ¼no,42000000,60054530,18054530
The Players Club,5000000,23047939,18047939
Stigmata,32000000,50041732,18041732
The Night Before,25000000,43035725,18035725
The Lincoln Lawyer,40000000,58009200,18009200
Spartacus,12000000,30000000,18000000
Logan's Run,7000000,25000000,18000000
A Room with a View,3000000,20966644,17966644
The Ides of March,23000000,40962534,17962534
Shutter,8000000,25928550,17928550
Man on Fire,60000000,77906816,17906816
The X Files: Fight the Future,66000000,83898313,17898313
Shall We Dance?,40000000,57887882,17887882
Notorious,19000000,36843682,17843682
Outbreak,50000000,67823573,17823573
Invincible,40000000,57806952,17806952
Gifted,7000000,24801212,17801212
The Fisher King,24000000,41798224,17798224
Isnât it Romantic,31000000,48791187,17791187
The Last House on the Left,15000000,32752215,17752215
Exodus,4000000,21750000,17750000
Sinister 2,10000000,27740955,17740955
How Stella Got Her Groove Back,20000000,37672944,17672944
Because of Winn-Dixie,15000000,32647042,17647042
The Adventures of Huck Finn,6500000,24103594,17603594
Waitress,1500000,19097550,17597550
Fargo,7000000,24567751,17567751
The Wolverine,115000000,132556852,17556852
Bill & Ted's Bogus Journey,20000000,37537675,17537675
You're Next,1000000,18494006,17494006
Man of the Year,20000000,37442180,17442180
See Spot Run,16000000,33357476,17357476
A Christmas Story,3250000,20605209,17355209
The Jungle Book,27000000,44342956,17342956
The Usual Suspects,6000000,23341568,17341568
Radio,35000000,52333738,17333738
Underworld: Evolution,45000000,62318875,17318875
Shaft,53012938,70327868,17314930
Thank You For Smoking,7500000,24793509,17293509
Super Troopers,1200000,18492362,17292362
The Polar Express,170000000,187224605,17224605
The Beverly Hillbillies,25000000,42222647,17222647
Race to Witch Mountain,50000000,67172595,17172595
Zoolander,28000000,45172250,17172250
Love and Death,3000000,20123742,17123742
Chernobyl Diaries,1000000,18119640,17119640
The Sisterhood of the Traveling Pants 2,27000000,44089964,17089964
Escape From Planet Earth,40000000,57012977,17012977
Billy Elliot,5000000,21995263,16995263
The Howling,1000000,17985000,16985000
The Wolf of Wall Street,100000000,116900694,16900694
Sicario,30000000,46889293,16889293
Risen,20000000,36880033,16880033
Timecop,28000000,44853581,16853581
Men of Honor,32000000,48814909,16814909
The Kids Are All Right,4000000,20811365,16811365
I Feel Pretty,32000000,48795601,16795601
For Colored Girls,21000000,37729698,16729698
The Wedding Date,15000000,31726995,16726995
R.V.,55000000,71724497,16724497
The Forgotten,50000000,66711892,16711892
Saw VI,11000000,27693292,16693292
The Hours,25000000,41675994,16675994
Vampires Suck,20000000,36661504,16661504
Superstar,14000000,30628981,16628981
The Forest,10000000,26594261,16594261
Stargate,55000000,71565669,16565669
The Way Way Back,5000000,21502690,16502690
Kingdom of the Spiders,500000,17000000,16500000
Reds,33500000,50000000,16500000
Whale Rider,4300000,20779666,16479666
Modern Problems,8000000,24474312,16474312
Friday the 13th Part VI: Jason Lives,3000000,19472057,16472057
Friday the 13th Part VII: The New Blood,2800000,19170001,16370001
Sleeper,2000000,18344729,16344729
Rocketman,41000000,57342725,16342725
Emma,5900000,22231658,16331658
Kingdom Come,7000000,23247539,16247539
Pitch Black,23000000,39235088,16235088
"As Above, So Below",5000000,21222315,16222315
The Fourth Kind,10000000,26218170,16218170
Martin Lawrence Live: RunTelDat,3000000,19184820,16184820
Life of Brian,4000000,20182359,16182359
A Nightmare On Elm Street: The Dream Child,6000000,22168359,16168359
Money Talks,25000000,41076865,16076865
I Still Know What You Did Last Summer,24000000,40020622,16020622
Everything You Always Wanted to Know,2000000,18016290,16016290
Herbie: Fully Loaded,50000000,66010682,16010682
The New Guy,13000000,28972187,15972187
The Iron Lady,14000000,29959436,15959436
Seven Pounds,54000000,69951824,15951824
The Crocodile Hunter: Collision Course,12500000,28436931,15936931
Black Rain,30000000,45892212,15892212
The Princess Bride,15000000,30857000,15857000
The Black Hole,20000000,35841901,15841901
Crank,12000000,27838408,15838408
Coyote Ugly,45000000,60786269,15786269
Godâs Not Dead 2,5000000,20773069,15773069
The Family Man,60000000,75764085,15764085
The Apostle,5000000,20733485,15733485
The Outsiders,10000000,25697647,15697647
Hitman,24000000,39687694,15687694
The Man From Snowy River,5000000,20659423,15659423
Contagion,60000000,75658097,15658097
Cold Mountain,80000000,95632614,15632614
The American,20000000,35606376,15606376
Freedom Writers,21000000,36605602,15605602
The Apartment,3000000,18600000,15600000
Sicko,9000000,24538513,15538513
Ocean's Twelve,110000000,125531634,15531634
Any Given Sunday,60000000,75530832,15530832
Selena,20000000,35450113,15450113
Spaceballs,22700000,38119483,15419483
Blue Jasmine,18000000,33404871,15404871
The Horse Whisperer,60000000,75383563,15383563
Life as We Know It,38000000,53374681,15374681
Can't Hardly Wait,10000000,25358996,15358996
National Lampoonâs Van Wilder,6000000,21305259,15305259
Tomorrow Never Dies,110000000,125304276,15304276
Coraline,60000000,75286229,15286229
The Muppet Christmas Carol,12000000,27281507,15281507
Halloween: Resurrection,15000000,30259652,15259652
Kung Fu Panda 2,150000000,165249063,15249063
The Great Debaters,15000000,30226144,15226144
There Will Be Blood,25000000,40222514,15222514
Fruitvale Station,900000,16098998,15198998
Small Soldiers,40000000,55143823,15143823
When the Game Stands Tall,15000000,30127963,15127963
The Wild Thornberrys Movie,25000000,40108697,15108697
No Reservations,28000000,43107979,15107979
Kill Bill: Volume 1,55000000,70098138,15098138
Wolf Creek,1100000,16186348,15086348
U-571,62000000,77086030,15086030
A Knightâs Tale,41000000,56083966,15083966
Dr. No,1000000,16067035,15067035
Sicario: Day of the Soldado,35000000,50065850,15065850
A Very Harold & Kumar 3D Christmas,20000000,35061031,15061031
Sweet Sweetback's Baad Asssss Song,150000,15200000,15050000
Full Metal Jacket,30000000,45015999,15015999
Hell or High Water,12000000,27007844,15007844
Prisoners,46000000,61002302,15002302
Clash of the Titans,15000000,30000000,15000000
Cleopatra,42000000,57000000,15000000
Waiting...,1125000,16124543,14999543
The Bye Bye Man,7400000,22395806,14995806
Spawn,40000000,54979992,14979992
Loaded Weapon 1,13000000,27979399,14979399
Red Dragon,78000000,92955420,14955420
Den of Thieves,30000000,44947622,14947622
Welcome Home Roscoe Jenkins,27500000,42436517,14936517
The Book of Eli,80000000,94835059,14835059
On Her Majesty's Secret Service,8000000,22800000,14800000
2 Guns,61000000,75612460,14612460
Cat on a Hot Tin Roof,3000000,17570324,14570324
Much Ado About Nothing,8000000,22549338,14549338
Ladder 49,60000000,74541707,14541707
Old Dogs,35000000,49492060,14492060
Beneath the Planet of the Apes,3000000,17489009,14489009
Love Actually,45000000,59472278,14472278
Horrible Bosses 2,40000000,54445357,14445357
House Party 2,5000000,19438638,14438638
Doug's 1st Movie,5000000,19421271,14421271
Rugrats Go Wild,25000000,39402572,14402572
Duel in the Sun,6000000,20400000,14400000
The Kentucky Fried Movie,600000,15000000,14400000
Sparkle,10000000,24397469,14397469
Eternal Sunshine of the Spotless Mind,20000000,34366518,14366518
Texas Chainsaw 3D,20000000,34341945,14341945
The Three Stooges,30000000,44338224,14338224
Confessions of a Teenage Drama Queen,15000000,29331068,14331068
Babel,20000000,34302837,14302837
This is Where I Leave You,20000000,34296320,14296320
Sorry to Bother You,3200000,17493096,14293096
Hot Tub Time Machine,36000000,50269859,14269859
The Count of Monte Cristo,40000000,54228104,14228104
Legion,26000000,40168080,14168080
Breakdown,36000000,50159144,14159144
Baby Geniuses,13000000,27151490,14151490
The Object of my Affection,15000000,29145924,14145924
Race,5000000,19115191,14115191
Machete,12500000,26593646,14093646
The Big Hit,13000000,27066941,14066941
The Sisterhood of the Traveling Pants,25000000,39053061,14053061
Pokemon 3: The Movie,3000000,17052128,14052128
Mommie Dearest,5000000,19032000,14032000
Derailed,22000000,36020063,14020063
Money Monster,27000000,41012075,14012075
Empire,3500000,17504595,14004595
The Man with the Golden Gun,7000000,21000000,14000000
Frequency,31000000,44983704,13983704
Dark Skies,3500000,17418667,13918667
Child's Play 2,13000000,26904572,13904572
Frida,12000000,25885000,13885000
About a Boy,27000000,40803000,13803000
Pokemon 2000,30000000,43746923,13746923
The Player,8000000,21706101,13706101
Still Alice,5000000,18656400,13656400
Deep Blue Sea,60000000,73648228,13648228
28 Weeks Later,15000000,28638916,13638916
Black Hawk Down,95000000,108638745,13638745
Jack,45000000,58617334,13617334
Kevin Hart: What Now?,10000000,23591043,13591043
Harriet the Spy,13000000,26570048,13570048
United 93,18000000,31567134,13567134
Hellraiser,1000000,14564000,13564000
Battle: Los Angeles,70000000,83552429,13552429
Ted 2,68000000,81476385,13476385
Poetic Justice,14000000,27450453,13450453
Doubt,20000000,33446470,13446470
"Hello, My Name is Doris",1000000,14444999,13444999
Trainspotting,3100000,16501785,13401785
A Night at the Roxbury,17000000,30331165,13331165
A Haunted House 2,4000000,17329487,13329487
Katy Perry: Part of Me,12000000,25326071,13326071
Top Five,12000000,25317379,13317379
The Stewardesses,200000,13500000,13300000
Action Jackson,7000000,20257000,13257000
The Cable Guy,47000000,60240295,13240295
Undercover Brother,25000000,38230435,13230435
Mr. Poppers's Penguins,55000000,68224452,13224452
Malcolm X,35000000,48169910,13169910
Double Impact,16000000,29090445,13090445
The Prestige,40000000,53089891,13089891
Grosse Pointe Blank,15000000,28084357,13084357
Baggage Claim,8500000,21569509,13069509
John Wick,30000000,43037835,13037835
Kickboxer,1500000,14533681,13033681
Mike and Dave Need Wedding Dates,33000000,46009673,13009673
Courage Under Fire,46000000,59003384,13003384
Flubber,80000000,92993801,12993801
Corky Romano,11000000,23978402,12978402
Jason Goes to Hell: The Final Friday,3000000,15935068,12935068
Breathless,7000000,19910002,12910002
Forever My Girl,3500000,16376066,12876066
Team America: World Police,20000000,32774834,12774834
Halloween 4: The Return of Michael Myers,5000000,17768757,12768757
August: Osage County,25000000,37738810,12738810
Baby Boy,16000000,28734552,12734552
Nobodyâs Fool,19000000,31713110,12713110
The Hurricane,38000000,50699241,12699241
Apollo 18,5000000,17686929,12686929
21 and Over,13000000,25682380,12682380
Monsoon Wedding,1200000,13876974,12676974
It Follows,2000000,14674077,12674077
Three Kings,48000000,60652036,12652036
Glory Road,30000000,42647449,12647449
The Age of Adaline,30000000,42629776,12629776
Best in Show,6000000,18621249,12621249
The Mist,13000000,25593755,12593755
Black or White,9000000,21571189,12571189
"Paul, Apostle of Christ",5000000,17547999,12547999
The Godfather: Part III,54000000,66520529,12520529
The Girl with the Dragon Tattoo,90000000,102515793,12515793
Love and Basketball,15000000,27441122,12441122
Ex Machina,13000000,25440971,12440971
Poltergeist,35000000,47425125,12425125
Step Up 3D,30000000,42400223,12400223
Addicted,5000000,17390770,12390770
The Specialist,45000000,57362581,12362581
World War Z,190000000,202359711,12359711
The Lake House,40000000,52330111,12330111
The Adjustment Bureau,50200000,62495645,12295645
Honey,18000000,30272254,12272254
Unplanned,6000000,18107621,12107621
Drag Me To Hell,30000000,42100625,12100625
Michael Jackson's This Is It,60000000,72091016,12091016
The Cabin in the Woods,30000000,42073277,12073277
Secondhand Lions,30000000,42070939,12070939
Copycat,20000000,32051917,12051917
Creepshow,8000000,20036244,12036244
Tooth Fairy,48000000,60022256,12022256
Home Again,15000000,27020284,12020284
Scary Movie V,20000000,32015787,12015787
She's Out of My League,20000000,32010860,12010860
Predators,40000000,52000688,12000688
Spaced Invaders,3000000,15000000,12000000
Night of the Living Dead,114000,12087064,11973064
Fighting With My Family,11000000,22958583,11958583
Fantastic Four: Rise of the Silver Surfer,120000000,131921738,11921738
Halloween 3: Season of the Witch,2500000,14400000,11900000
The Odd Life of Timothy Green,40000000,51853450,11853450
Milk,20000000,31841299,11841299
Kiss of the Dragon,25000000,36833473,11833473
Chasing Amy,250000,12006514,11756514
Goosebumps 2: Haunted Halloween,35000000,46697321,11697321
Paint Your Wagon,20000000,31678778,11678778
Michael Jordan to the MAX,7000000,18642318,11642318
The Last King of Scotland,6000000,17606684,11606684
Mud,10000000,21590086,11590086
A Mighty Wind,6000000,17583468,11583468
Jonah: A VeggieTales Movie,14000000,25571351,11571351
Darkness,10600000,22163442,11563442
Eighth Grade,2000000,13539710,11539710
Spy Kids: All the Time in the World,27000000,38536376,11536376
The Fog,18000000,29511112,11511112
Middle School: The Worst Years of My Life,8500000,20007149,11507149
All About the Benjamins,14000000,25482931,11482931
Super Size Me,65000,11529368,11464368
Bowfinger,55000000,66458769,11458769
Million Dollar Arm,25000000,36447959,11447959
Book of Shadows: Blair Witch 2,15000000,26421314,11421314
Skyline,10000000,21416355,11416355
Boogie Nights,15000000,26410771,11410771
Lawless,26000000,37397291,11397291
Hocus Pocus,28000000,39360491,11360491
Beauty Shop,25000000,36351350,11351350
The Informant!,22000000,33316821,11316821
Godzilla,125000000,136314294,11314294
Peteâs Dragon,65000000,76233151,11233151
Kill Bill: Volume 2,55000000,66207920,11207920
The Haunting,80000000,91188905,11188905
The Living Daylights,40000000,51185000,11185000
The Last Exorcism Part II,4000000,15179303,11179303
The Debt,20000000,31177548,11177548
Ramona and Beezus,15000000,26167002,11167002
To Kill A Mockingbird,2000000,13129846,11129846
The Disaster Artist,10000000,21120616,11120616
The Transporter 2,32000000,43095856,11095856
Joe Dirt,16000000,27087695,11087695
King Kong,207000000,218080025,11080025
Down to You,9000000,20035310,11035310
O (Othello),5000000,16017403,11017403
Exorcist II: The Heretic,14000000,25011000,11011000
Nim's Island,37000000,48006762,11006762
The Front Page,4000000,15000000,11000000
Beasts of the Southern Wild,1800000,12795746,10995746
What a Girl Wants,25000000,35990505,10990505
Clockstoppers,26000000,36985501,10985501
Rounders,12000000,22921898,10921898
Contact,90000000,100920329,10920329
The Women,16000000,26902075,10902075
La misma luna,1700000,12590147,10890147
Apocalypto,40000000,50866635,10866635
Beastly,17000000,27865571,10865571
Akeelah and the Bee,8000000,18848430,10848430
12 Strong,35000000,45819713,10819713
Underworld 3: Rise of the Lycans,35000000,45802315,10802315
Blair Witch,10000000,20777061,10777061
The Dead Zone,10000000,20766000,10766000
The Big Parade,245000,11000000,10755000
Casino Royale,12000000,22744718,10744718
Silent House,2000000,12739737,10739737
Do You Believe?,2300000,12985600,10685600
Prophecy,12000000,22673340,10673340
Jeepers Creepers II,25000000,35623801,10623801
Music and Lyrics,40000000,50572589,10572589
Religulous,2500000,13011160,10511160
Dope,7000000,17506470,10506470
Creepshow 2,3500000,14000000,10500000
Shanghai Knights,50000000,60470220,10470220
Space Jam,80000000,90463534,10463534
Stranger Than Fiction,30000000,40435190,10435190
Peppermint,25000000,35418723,10418723
Trapeze,4000000,14400000,10400000
Valentine,10000000,20384136,10384136
The Brothers McMullen,50000,10426506,10376506
Go!,6500000,16875273,10375273
Pride & Prejudice,28000000,38372662,10372662
Project Almanac,12000000,22348241,10348241
A Prairie Home Companion,10000000,20342852,10342852
Reno 911!: Miami,10000000,20342161,10342161
Bloodsport,1500000,11806119,10306119
AVP: Alien Vs. Predator,70000000,80281096,10281096
Heavy Metal,9300000,19571091,10271091
Hanna,30000000,40259119,10259119
Dinosaur,127500000,137748063,10248063
The Return of the Living Dead,4000000,14237880,10237880
Family Plot,3000000,13200000,10200000
High Plains Drifter,5500000,15700000,10200000
Raising Cain,11000000,21171695,10171695
Brooklyn's Finest,17000000,27163593,10163593
Halloween: The Curse of Michael Myers,5000000,15126948,10126948
Blue Crush,30000000,40118420,10118420
Ghost Ship,20000000,30113491,10113491
Daybreakers,20000000,30101577,10101577
Wes Craven's New Nightmare,8000000,18090181,10090181
Facing the Giants,100000,10178331,10078331
The Bank Job,20000000,30060660,10060660
The Devil's Rejects,7000000,17044981,10044981
Hostel: Part II,7500000,17544812,10044812
You Don't Mess With the Zohan,90000000,100018837,10018837
The November Man,15000000,25018119,10018119
Good Luck Chuck,25000000,35017297,10017297
Die Hard: With a Vengeance,90000000,100012499,10012499
Torn Curtain,3000000,13000000,10000000
The Egyptian,5000000,15000000,10000000
Tron,17000000,26918576,9918576
The Birth of a Nation,110000,10000000,9890000
War Horse,70000000,79883359,9883359
Being John Malkovich,13000000,22858926,9858926
Legal Eagles,40000000,49851591,9851591
Jane Austen's Mafia,10000000,19843795,9843795
How to be Single,37000000,46843513,9843513
Eve's Bayou,5000000,14843425,9843425
Drive Me Crazy,8000000,17843379,9843379
Escape from the Planet of the Apes,2500000,12300000,9800000
Wild Things,20000000,29795299,9795299
BrightBurn,7000000,16794432,9794432
Whiplash,3300000,13092006,9792006
The Craft,15000000,24769466,9769466
Office Christmas Party,45000000,54767494,9767494
The Lost Weekend,1250000,11000000,9750000
Kidnap,21000000,30718107,9718107
Cradle 2 the Grave,25000000,34657731,9657731
Maniac,350000,10000000,9650000
Nighthawks,5000000,14600000,9600000
Black Mass,53000000,62575678,9575678
30 Days of Night,30000000,39568996,9568996
Enough Said,8000000,17550872,9550872
Boys Don't Cry,2000000,11540607,9540607
Just Wright,12000000,21540363,9540363
In Cold Blood,3500000,13000000,9500000
Casablanca,1039000,10462500,9423500
Pirates of the Caribbean: At Worldâs End,300000000,309420425,9420425
Half Baked,8000000,17394881,9394881
F.I.S.T,11000000,20388920,9388920
Friday the 13th Part VIII: Jason Takes Manhattan,5000000,14343976,9343976
King Kong,672000,10000000,9328000
Sleepers,44000000,53300852,9300852
The Nun's Story,3500000,12800000,9300000
Once,150000,9445857,9295857
Das Leben der Anderen,2000000,11284657,9284657
Two Can Play That Game,13000000,22235901,9235901
Harold & Kumar Go to White Castle,9000000,18225165,9225165
"Hello, Dolly",24000000,33208099,9208099
The Hangover 3,103000000,112200072,9200072
Planes: Fire and Rescue,50000000,59157732,9157732
Stir of Echoes,12000000,21133087,9133087
Spring Breakers,5000000,14124286,9124286
Frenzy,3500000,12600000,9100000
Tales from the Crypt: Demon Knight,12000000,21089146,9089146
The Stepfather,20000000,29062561,9062561
30 Minutes or Less,28000000,37053924,9053924
Cry Wolf,1000000,10047674,9047674
Godzilla 2000,1000000,10037390,9037390
Barry Lyndon,11000000,20000000,9000000
They Live,4000000,13000000,9000000
It Comes at Night,5000000,13985117,8985117
Upgrade,3000000,11977130,8977130
Spy Hard,18000000,26936265,8936265
Secrets & Lies,4500000,13417292,8917292
Must Love Dogs,35000000,43894863,8894863
She's the Man,25000000,33889159,8889159
The Prodigy,6000000,14856291,8856291
Tin Cup,45000000,53854588,8854588
Ricki and the Flash,18000000,26839498,8839498
The Possession of Hannah Grace,6000000,14836174,8836174
Devil's Due,7000000,15821461,8821461
The Contender,9000000,17804273,8804273
License to Wed,35000000,43799818,8799818
Finding Forrester,43000000,51768623,8768623
The Switch,19000000,27758465,8758465
Little Shop of Horrors,30000000,38747385,8747385
Blue Valentine,1000000,9737892,8737892
New in Town,8000000,16734283,8734283
Dave Chappelle's Block Party,3000000,11718595,8718595
Show Boat,2300000,11000000,8700000
On the Waterfront,910000,9600000,8690000
The Gambler,25000000,33680992,8680992
Return to Me,24000000,32662299,8662299
Delivery Man,22000000,30659817,8659817
Y Tu MamÃ¡ TambiÃ©n,5000000,13649881,8649881
Curious George,50000000,58640119,8640119
Rat Race,48000000,56607223,8607223
Glory,18000000,26593580,8593580
25th Hour,4500000,13084595,8584595
Antwone Fisher,12500000,21078145,8578145
Mad Max,200000,8750000,8550000
School Daze,6000000,14545844,8545844
Shaun of the Dead,5000000,13542874,8542874
Bad Boys II,130000000,138540870,8540870
Immortals,75000000,83504017,8504017
Harper,3500000,12000000,8500000
La Guerre du feu,12500000,20959585,8459585
The Haunting of Molly Hartley,5000000,13442412,8442412
Gridiron Gang,30000000,38432823,8432823
The Men Who Stare at Goats,24000000,32428195,8428195
Midnight Run,30000000,38413606,8413606
Tango & Cash,55000000,63408614,8408614
Conan the Destroyer,18000000,26400000,8400000
The Hobbit: The Desolation of Smaug,250000000,258366855,8366855
"Yours, Mine and Ours",45000000,53359917,8359917
Love the Coopers,18000000,26302731,8302731
Mr. Beanâs Holiday,25000000,33302167,8302167
Paranormal Activity: The Ghost Dimension,10000000,18297124,8297124
Sugar Hill,10000000,18272447,8272447
Meet the Spartans,30000000,38233676,8233676
Meet the Blacks,900000,9097072,8197072
Saving Grace,4000000,12178602,8178602
Begin Again,8000000,16170632,8170632
The Running Man,30000000,38122000,8122000
We Were Soldiers,70000000,78120196,8120196
Hillaryâs America: The Secret History of the Democratic Party,5000000,13099931,8099931
Match Point,15000000,23089926,8089926
"Hail, Caesar!",22000000,30080225,8080225
The Constant Gardener,25500000,33579798,8079798
Jay and Silent Bob Strike Back,22000000,30059386,8059386
Krush Groove,3000000,11052713,8052713
Keeping the Faith,29000000,37036404,8036404
The Monuments Men,70000000,78031620,8031620
Transamerica,1000000,9015303,8015303
Beyond the Valley of the Dolls,1000000,9000000,8000000
Love Me Tender,1000000,9000000,8000000
Conquest of the Planet of the Apes,1700000,9700000,8000000
You Can Count on Me,1200000,9180275,7980275
Boiler Room,9000000,16963963,7963963
Lone Star,5000000,12961389,7961389
Secret Window,40000000,47958031,7958031
The Remains of the Day,15000000,22954968,7954968
April Fool's Day,5000000,12947763,7947763
The Skeleton Key,40000000,47907715,7907715
Cop Out,37000000,44875481,7875481
Unfriended: Dark Web,1000000,8866745,7866745
Flirting with Disaster,7000000,14853474,7853474
An Ideal Husband,10700000,18542974,7842974
Kicking and Screaming,45000000,52842724,7842724
"20,000 Leagues Under the Sea",200000,8000000,7800000
The Great Escape,4000000,11744471,7744471
Lottery Ticket,17000000,24719879,7719879
Kit Kittredge: An American Girl,10000000,17657973,7657973
Hot Fuzz,16000000,23618786,7618786
Beyond the Lights,7000000,14618727,7618727
Mad Hot Ballroom,500000,8117961,7617961
Diner,5000000,12592907,7592907
Invasion U.S.A.,10000000,17536256,7536256
Epic,100000000,107518682,7518682
Mr. Smith Goes To Washington,1500000,9000000,7500000
Hud,2500000,10000000,7500000
Motherâs Day,25000000,32492859,7492859
Zack and Miri Make a Porno,24000000,31457946,7457946
Tupac Resurrection,300000,7718961,7418961
Bride of Chucky,25000000,32404188,7404188
Elmer Gantry,3000000,10400000,7400000
Quartet,11000000,18388357,7388357
Roll Bounce,10000000,17380866,7380866
Dr. Strangelove,1800000,9164370,7364370
High Fidelity,20000000,27277055,7277055
High Noon,730000,8000000,7270000
Hardcore Henry,2000000,9252038,7252038
Lolita,2000000,9250000,7250000
Before I Fall,5000000,12241072,7241072
Black Christmas,9000000,16235738,7235738
Daddy Day Camp,6000000,13235267,7235267
Lone Wolf McQuade,5000000,12232628,7232628
Buffy the Vampire Slayer,7000000,14231669,7231669
Vicky Cristina Barcelona,16000000,23216709,7216709
Silverado,26000000,33200000,7200000
Nowhere to Run,15000000,22189039,7189039
Fist Fight,25000000,32187017,7187017
Boom Town,2000000,9172000,7172000
Rushmore,10000000,17105219,7105219
American Psycho,8000000,15070285,7070285
Hoop Dreams,700000,7768371,7068371
Sunshine Cleaning,5000000,12062558,7062558
Jersey Boys,40000000,47047013,7047013
See No Evil,8000000,15032800,7032800
Next Day Air,3000000,10027047,7027047
In Too Deep,7000000,14026509,7026509
The Boys from Brazil,12000000,19000000,7000000
Battle for the Planet of the Apes,1800000,8800000,7000000
Judgment at Nuremberg,3000000,10000000,7000000
The Valley of Decision,2160000,9132000,6972000
She's Gotta Have It,175000,7137502,6962502
Kevin Hart: Laugh at My Pain,750000,7706436,6956436
Donnie Brasco,35000000,41954997,6954997
What the #$'! Do We Know,4000000,10941801,6941801
Leap Year,19000000,25918920,6918920
The Family,30000000,36918811,6918811
Catch-22,18000000,24911670,6911670
Stick It,20000000,26910736,6910736
Eraserhead,100000,7000000,6900000
One Missed Call,20000000,26890041,6890041
Friends with Money,6500000,13368437,6868437
I Got the Hook-Up!,3500000,10317779,6817779
The LEGO Movie 2: The Second Part,99000000,105806508,6806508
Sands of Iwo Jima,1000000,7800000,6800000
Mystic Pizza,6000000,12793213,6793213
Eye for an Eye,20000000,26792700,6792700
The Upside of Anger,12000000,18761993,6761993
American Reunion,50000000,56758835,6758835
The Darkness,4000000,10753574,6753574
Kangaroo Jack,60000000,66723216,6723216
The Hate U Give,23000000,29719483,6719483
Mr. Nice Guy,6000000,12716953,6716953
Fifty Shades of Black,5000000,11686940,6686940
Tremors,10000000,16667084,6667084
August Rush,25000000,31664162,6664162
Belly,3000000,9639390,6639390
Aquamarine,12000000,18597342,6597342
Roger & Me,140000,6706368,6566368
The Perfect Man,10000000,16535005,6535005
Anacondas: The Hunt for the Blood Orchid,25000000,31526393,6526393
Scoop,4000000,10525717,6525717
Haakon Haakonsen,8500000,15024232,6524232
War and Peace,6000000,12500000,6500000
Urban Legends: Final Cut,15000000,21468807,6468807
Election,8500000,14943582,6443582
Street Kings,20000000,26418667,6418667
The Place Beyond the Pines,15000000,21403519,6403519
Ulee's Gold,2700000,9054736,6354736
Tom yum goong,5700000,12044087,6344087
Jodaeiye Nader az Simin,800000,7098492,6298492
The 15:17 to Paris,30000000,36276286,6276286
Our Family Wedding,14000000,20255281,6255281
Adventureland,9800000,16044025,6244025
A Streetcar Named Desire,1800000,8000000,6200000
The Green Inferno,1000000,7192291,6192291
Unsane,1500000,7690044,6190044
Mo' Better Blues,10000000,16153000,6153000
I Am Not Your Negro,1000000,7123919,6123919
After Hours,4500000,10609321,6109321
The Wash,4000000,10097096,6097096
Kung Pow: Enter the Fist,10000000,16033556,6033556
Dolphin Tale 2,36000000,42024533,6024533
Hotel Rwanda,17500000,23519128,6019128
The Hitchhiker's Guide to the Galaxy,45000000,51019112,6019112
The Good Girl,8000000,14018296,6018296
Trippinâ,3000000,9017070,6017070
Made of Honor,40000000,46012734,6012734
Red River,3000000,9012000,6012000
Observe and Report,18000000,24007324,6007324
The World's End,20000000,26004851,6004851
Flicka,15000000,21000147,6000147
Solomon and Sheba,5000000,11000000,6000000
A Farewell To Arms,5000000,11000000,6000000
She's the One,3500000,9482579,5982579
Mortal Kombat: Annihilation,30000000,35927406,5927406
The Rainmaker,40000000,45916769,5916769
"Big Mommas: Like Father, Like Son",32000000,37915414,5915414
Kids,1500000,7412216,5912216
Sliding Doors,6000000,11911200,5911200
Moby Dick,4500000,10400000,5900000
The Andromeda Strain,6500000,12376563,5876563
The Squid and the Whale,1500000,7372734,5872734
The Birth of a Nation,10000000,15861566,5861566
Double Take,24000000,29823162,5823162
The Deep End,3000000,8823109,5823109
3 Strikes,4000000,9821335,5821335
Fury,80000000,85817906,5817906
The Hills Have Eyes II,15000000,20804166,5804166
Gentleman's Agreement,2000000,7800000,5800000
Strangers on a Train,1200000,7000000,5800000
The Trouble with Harry,1200000,7000000,5800000
Boys and Girls,16000000,21799652,5799652
Tales from the Hood,6000000,11784569,5784569
Awake,8600000,14373825,5773825
The Beastmaster,5000000,10751126,5751126
Dickie Roberts: Former Child Star,17000000,22734486,5734486
From Dusk Till Dawn,20000000,25728961,5728961
Eye in the Sky,13000000,18704596,5704596
Hansel & Gretel: Witch Hunters,50000000,55703475,5703475
You Again,20000000,25702053,5702053
Max Payne,35000000,40689393,5689393
Nebraska,12000000,17654912,5654912
Resident Evil: Extinction,45000000,50648679,5648679
Broken Arrow,65000000,70645997,5645997
Halloween 5: The Revenge of Michael Myers,6000000,11642254,5642254
Vampire in Brooklyn,14000000,19637147,5637147
"House of 1,000 Corpses",7000000,12634962,5634962
Larry Crowne,30000000,35608245,5608245
Hell Fest,5500000,11107431,5607431
3:10 to Yuma,48000000,53606916,5606916
The Hustler,2000000,7600000,5600000
Keanu,15000000,20591853,5591853
Nancy Drew,20000000,25584685,5584685
Not Easily Broken,5000000,10572742,5572742
The Sitter,25000000,30542576,5542576
Kissing Jessica Stein,1500000,7025722,5525722
Lola rennt,1750000,7267324,5517324
Spellbound,1500000,7000000,5500000
The Words,6000000,11494838,5494838
The Edge of Seventeen,9000000,14431633,5431633
Momsâ Night Out,5000000,10429707,5429707
The Visitor,4000000,9427026,5427026
Wrong Turn,10000000,15417771,5417771
The Omega Code,7200000,12610552,5410552
Anastasia,53000000,58403409,5403409
Raging Bull,18000000,23380203,5380203
Witchboard,2000000,7369373,5369373
My Baby's Daddy,12000000,17321573,5321573
The Station Agent,500000,5801558,5301558
Les Triplettes de Belleville,2000000,7301288,5301288
Max Keeble's Big Move,12000000,17292381,5292381
World Trade Center,65000000,70278893,5278893
Carrie,30000000,35266619,5266619
Lowriders,916000,6179955,5263955
Country Strong,15000000,20218921,5218921
The Long Riders,10000000,15198912,5198912
The Belko Experiment,5000000,10166820,5166820
The Corruptor,10000000,15164492,5164492
Hollywood Shuffle,100000,5228617,5128617
"The Goods: Live Hard, Sell Hard",10000000,15122676,5122676
The Hobbit: The Battle of the Five Armies,250000000,255119788,5119788
Resident Evil,35000000,40119709,5119709
Before Midnight,3000000,8110621,5110621
The Namesake,8500000,13610521,5110521
Alpha and Omega 3D,20000000,25107267,5107267
I am Number Four,50000000,55100437,5100437
Ben-Hur: A Tale of the Christ,3900000,9000000,5100000
Elizabeth,25000000,30082699,5082699
An Education,7500000,12574914,5074914
Admission,13000000,18007317,5007317
The Sessions,1000000,6002451,5002451
Dracula 2000,28000000,33000377,5000377
Hang 'em High,1800000,6800000,5000000
Donât Say a Word,50000000,54997476,4997476
Life of Pi,120000000,124987022,4987022
Love Happens,18000000,22965110,4965110
Jackie,9000000,13960394,4960394
Medicine Man,40000000,44948240,4948240
"Il buono, il brutto, il cattivo",1200000,6100000,4900000
Teen Wolf Too,3000000,7888000,4888000
"Girl, Interrupted",24000000,28871190,4871190
The Man Who Shot Liberty Valance,3200000,8000000,4800000
Bella,3300000,8093373,4793373
"The Beast from 20,000 Fathoms",210000,5000000,4790000
Lake Placid,27000000,31770413,4770413
Aqua Teen Hunger Force Colon Movie Film for Theaters,750000,5520368,4770368
The Perks of Being a Wallflower,13000000,17742948,4742948
Take the Lead,30000000,34742066,4742066
Love Letters,550000,5269990,4719990
Smoke Signals,2000000,6719300,4719300
The Collector,3000000,7712114,4712114
Rebecca,1288000,6000000,4712000
The Lobster,4500000,9196278,4696278
The Ladykillers,35000000,39692139,4692139
The Kid,65000000,69688384,4688384
"Bon Cop, Bad Cop",8000000,12671300,4671300
The Perfect Match,5000000,9669521,4669521
Singin' in the Rain,2540000,7200000,4660000
Blade Runner,28000000,32656328,4656328
Digimon: The Movie,5000000,9628751,4628751
On the Basis of Sex,20000000,24622687,4622687
Poltergeist III,9500000,14114000,4614000
Somewhere in Time,5100000,9709597,4609597
My Week with Marilyn,10000000,14597405,4597405
"Tora, Tora, Tora",25000000,29548291,4548291
Superfly,16000000,20537137,4537137
Winter's Bone,2000000,6531503,4531503
The Happening,60000000,64506874,4506874
Shine a Light,1000000,5505267,4505267
Terror Train,3500000,8000000,4500000
Big Eyes,10000000,14482031,4482031
Fame,18000000,22455510,4455510
Foolish,1600000,6026908,4426908
Moulin Rouge,53000000,57386369,4386369
October Baby,1000000,5355847,4355847
The Spectacular Now,2500000,6852971,4352971
Spice World,25000000,29342592,4342592
Someone Like You,23000000,27338033,4338033
Young Adult,12000000,16311571,4311571
Swingers,200000,4505922,4305922
Alive,32000000,36299670,4299670
The Transporter,21000000,25296447,4296447
The Cooler,4000000,8291572,4291572
The Skeleton Twins,1000000,5284309,4284309
Phantasm II,3000000,7282851,4282851
Cidade de Deus,3300000,7563397,4263397
Let There Be Light,3000000,7233471,4233471
Annie Get Your Gun,3768785,8000000,4231215
Amistad,40000000,44212592,4212592
The Misfits,4000000,8200000,4200000
ATL,17000000,21170563,4170563
Tuck Everlasting,15000000,19161999,4161999
The Ice Pirates,9000000,13075390,4075390
Phat Girlz,3000000,7061128,4061128
Meet the Mormons,2000000,6047363,4047363
Something Borrowed,35000000,39046489,4046489
Dinner for Schmucks,69000000,73026337,4026337
Riddick,38000000,42025135,4025135
The Lady in the Van,6000000,10021175,4021175
Death Wish,30000000,34017028,4017028
Devil's Advocate,57000000,61007424,4007424
American Splendor,2000000,6003587,4003587
Adaptation,18500000,22498520,3998520
Lovely and Amazing,250000,4210379,3960379
20 Feet From Stardom,1000000,4946250,3946250
crazy/beautiful,13000000,16929123,3929123
El crimen de padre Amaro,1800000,5719000,3919000
Donovan's Reef,2686000,6600000,3914000
The Florida Project,2000000,5904366,3904366
My Own Private Idaho,2500000,6401336,3901336
Saved!,5000000,8886160,3886160
Woman Thou Art Loosed,3000000,6879730,3879730
Cat People,134000,4000000,3866000
Snatched,42000000,45852178,3852178
Never Back Down,21000000,24850922,3850922
The Marine,15000000,18844784,3844784
Shadowlands,22000000,25842377,3842377
Draft Day,25000000,28842237,3842237
The Night Listener,4000000,7836393,3836393
Silver Bullet,7000000,10803211,3803211
All Saints,2000000,5802208,3802208
She Wore a Yellow Ribbon,1600000,5400000,3800000
Before Sunset,2000000,5792822,3792822
Mambo Italiano,5500000,9282750,3782750
54,13000000,16757163,3757163
Broken Flowers,10000000,13744960,3744960
Class of 1984,3250000,6965361,3715361
Per qualche dollaro in piÃ¹,600000,4300000,3700000
Hey Arnold! The Movie,10000000,13684949,3684949
Sleight,250000,3930990,3680990
Because I Said So,39000000,42674040,3674040
Bats,6500000,10155691,3655691
What to Expect When You're Expecting,37500000,41152203,3652203
American Ninja 2: The Confrontation,350000,4000000,3650000
Mad Max: Fury Road,150000000,153636354,3636354
Dawn of the Dead,1500000,5100000,3600000
The Jerky Boys,4000000,7555256,3555256
Better Luck Tomorrow,250000,3802390,3552390
Exotica,1500000,5046118,3546118
Braveheart,72000000,75545647,3545647
Kung Fu Panda 3,140000000,143528619,3528619
Volver,9400000,12899867,3499867
Ong-Bak,1100000,4563167,3463167
Les invasions barbares,5000000,8460000,3460000
C.H.U.D.,1250000,4700000,3450000
The Longest Ride,34000000,37446117,3446117
Endless Love,20000000,23438250,3438250
The Magnificent Seven,90000000,93432655,3432655
Joyful Noise,27500000,30932113,3432113
Death Becomes Her,55000000,58422650,3422650
Itâs a Wonderful Life,3180000,6600000,3420000
"Food, Inc.",1000000,4417674,3417674
Welcome to the Dollhouse,800000,4198137,3398137
Rob Roy,28000000,31390587,3390587
Amores Perros,2000000,5383834,3383834
The Covenant,20000000,23364784,3364784
Pat Garrett and Billy the Kid,4638783,8000000,3361217
The Patriot,110000000,113330342,3330342
Maria Full of Grace,3200000,6529624,3329624
The Texas Chainsaw Massacre 2,4700000,8025872,3325872
About Time,12000000,15323921,3323921
Extract,7500000,10823158,3323158
Per un pugno di dollari,200000,3500000,3300000
Get on the Bus,2400000,5691854,3291854
Here Comes the Boom,42000000,45290318,3290318
LÃ©on,16000000,19284974,3284974
To Save a Life,500000,3777210,3277210
Safety Not Guaranteed,750000,4010957,3260957
The Shawshank Redemption,25000000,28241469,3241469
Smallfoot,80000000,83240103,3240103
Breakin' All the Rules,9000000,12232382,3232382
Bernie,6000000,9204489,3204489
House of the Dead,7000000,10199354,3199354
The Number 23,32000000,35193167,3193167
Monte Carlo,20000000,23186769,3186769
El orfanato,4000000,7159147,3159147
Dear White People,1250000,4404154,3154154
Pi,68000,3221152,3153152
Tinker Tailor Soldier Spy,21000000,24149393,3149393
Like Crazy,250000,3395391,3145391
Fat Albert,45000000,48114556,3114556
Stay Alive,20000000,23086480,3086480
The Score,68000000,71069884,3069884
Central do Brasil,2900000,5969553,3069553
Remember Me,16000000,19068240,3068240
Clerks,27000,3073428,3046428
Monty Python and the Holy Grail,400000,3427696,3027696
The Last House on the Left,87000,3100000,3013000
Bug,4000000,7006708,3006708
Return of the Living Dead Part II,6200000,9205924,3005924
Serbuan maut,1100000,4105123,3005123
Robin and Marian,5000000,8000000,3000000
2 For the Money,20000000,22991379,2991379
Narc,7500000,10465659,2965659
Gods and Monsters,3500000,6451628,2951628
Arlington Road,21500000,24419219,2919219
If Beale Street Could Talk,12000000,14915773,2915773
Out Cold,11000000,13906394,2906394
Over the Hill to the Poorhouse,100000,3000000,2900000
Dangal,9500000,12391761,2891761
El secreto de sus ojos,3500000,6391436,2891436
Glee: The 3D Concert Movie,9000000,11862398,2862398
In the Company of Men,25000,2883661,2858661
The Amazing Spider-Man 2,200000000,202853933,2853933
13 Hours: The Secret Soldiers of Benghazi,50000000,52853219,2853219
Real Women Have Curves,3000000,5853194,2853194
The Conversation,1600000,4420000,2820000
Rings,25000000,27793018,2793018
Shopgirl,7500000,10284523,2784523
Before Sunrise,2500000,5274005,2774005
Unfaithful,50000000,52752475,2752475
Tadpole,150000,2891288,2741288
A Guy Named Joe,2627000,5363000,2736000
Gallipoli,3000000,5732587,2732587
A Million Ways to Die in The West,40000000,42720965,2720965
Hunt for the Wilderpeople,2500000,5205471,2705471
River's Edge,1900000,4600000,2700000
3 Days to Kill,28000000,30697999,2697999
Summer Catch,17000000,19693891,2693891
Storks,70000000,72679278,2679278
Sexy Beast,4300000,6946056,2646056
The Nativity Story,35000000,37629831,2629831
Resident Evil: Afterlife,57500000,60128566,2628566
Wordplay,500000,3121270,2621270
Thirteen,2000000,4601043,2601043
Pollock,6000000,8596914,2596914
Touching the Void,2000000,4593598,2593598
The Ladies Man,11000000,13592872,2592872
Beginners,3200000,5790894,2590894
The Matador,10000000,12589255,2589255
Head of State,35200000,37788228,2588228
Final Destination 5,40000000,42587643,2587643
Rize,700000,3278611,2578611
Her,23000000,25568251,2568251
Tomcats,11000000,13558739,2558739
Love Jones,10000000,12554569,2554569
In Time,35000000,37553932,2553932
The Mighty,100000,2652246,2552246
"Lock, Stock and Two Smoking Barrels",1350000,3897569,2547569
Brothers,26000000,28544157,2544157
The Lunchbox,1700000,4231500,2531500
Water,3000000,5529144,2529144
The Rules of Attraction,4000000,6525762,2525762
London Has Fallen,60000000,62524260,2524260
Metropolitan,430000,2938000,2508000
Disturbing Behavior,15000000,17507368,2507368
The Day the Earth Stood Still,1200000,3700000,2500000
The Big Lebowski,15000000,17498804,2498804
The Circle,18000000,20497844,2497844
An Inconvenient Sequel,1000000,3496795,2496795
The Back-up Plan,35000000,37490007,2490007
The Book Thief,19000000,21488481,2488481
Evil Dead II,3500000,5923044,2423044
The Broadway Melody,379000,2800000,2421000
Widows,40000000,42402632,2402632
Far From Heaven,13500000,15901849,2401849
Next Stop Wonderland,1000000,3395581,2395581
Les Intouchables,10800000,13182281,2382281
Love and Other Drugs,30000000,32367005,2367005
Entourage,30000000,32363404,2363404
You Can't Take It With You,1644000,4000000,2356000
God's Army,300000,2637726,2337726
Heartbreakers,38000000,40334024,2334024
Swimming Pool,7800000,10130108,2330108
Savages,45000000,47323100,2323100
K-PAX,48000000,50315140,2315140
Inside Job,2000000,4311834,2311834
J. Edgar,35000000,37306030,2306030
Day of the Dead,3500000,5804262,2304262
Wish Upon,12000000,14301505,2301505
An American Haunting,14000000,16298046,2298046
Gabriela,50000,2335352,2285352
The Boondock Saints 2: All Saints Day,8000000,10273187,2273187
What's the Worst That Could Happen?,30000000,32267774,2267774
Celeste and Jesse Forever,840000,3103407,2263407
Straight out of Brooklyn,450000,2712293,2262293
Inside Llewyn Davis,11000000,13248209,2248209
A Most Wanted Man,15000000,17237855,2237855
The Grace Card,200000,2430735,2230735
A Serious Man,7000000,9228788,2228788
Pieces of April,300000,2528664,2228664
The Pink Panther,80000000,82226474,2226474
Get Low,7000000,9176933,2176933
A Single Man,7000000,9176000,2176000
It Happened One Night,325000,2500000,2175000
1941,32000000,34175000,2175000
Side Effects,30000000,32172757,2172757
Becoming Jane,16500000,18663911,2163911
Prom,8000000,10130219,2130219
Obvious Child,1000000,3122616,2122616
Frailty,11000000,13110448,2110448
Rough Night,20000000,22105643,2105643
Pocketful of Miracles,2900000,5000000,2100000
Force 10 from Navarone,5000000,7100000,2100000
Step Up Revolution,33000000,35074677,2074677
The Terminal,75000000,77073959,2073959
Fever Pitch,40000000,42071069,2071069
El Mariachi,7000,2040920,2033920
The Evil Dead,375000,2400000,2025000
The Hurt Locker,15000000,17017811,2017811
Def Jam's How To Be a Player,12000000,14010363,2010363
The Gift,10000000,12008642,2008642
Topaz,4000000,6000000,2000000
Alexander's Ragtime Band,2000000,4000000,2000000
Half Nelson,700000,2697938,1997938
The To Do List,1500000,3491669,1991669
Martha Marcy May Marlene,1000000,2981038,1981038
The Incredibly True Adventure of Two Girls in Love,250000,2210408,1960408
Margin Call,3400000,5353586,1953586
Shanghai Noon,55000000,56932305,1932305
Me and You and Everyone We Know,2000000,3885134,1885134
Warlock,7000000,8824553,1824553
The River Wild,45000000,46815000,1815000
Bounce,35000000,36805288,1805288
She Done Him Wrong,200000,2000000,1800000
Aliens vs. Predator - Requiem,40000000,41797066,1797066
The Forsaken,5000000,6755271,1755271
9,30000000,31749894,1749894
End of the Spear,10000000,11748661,1748661
Young Sherlock Holmes,18000000,19739000,1739000
George A. Romero's Land of the Dead,18975000,20700082,1725082
Dolphins and Whales Tribes of the Ocean 3D,6000000,7714996,1714996
The Reader,32500000,34194407,1694407
Beerfest,17500000,19185184,1685184
Executive Decision,55000000,56679192,1679192
Junebug,1000000,2678010,1678010
Room,13000000,14677674,1677674
Home Run,1200000,2859955,1659955
Hav Plenty,650000,2301777,1651777
Night of the Living Dead,4200000,5835247,1635247
Reservoir Dogs,1200000,2832029,1632029
Brick,450000,2075743,1625743
Filly Brown,1250000,2850357,1600357
We Are Your Friends,2000000,3591417,1591417
San Francisco,1300000,2868000,1568000
The Emperor's Club,12500000,14060950,1560950
Get Over It,10000000,11560259,1560259
My Boss's Daughter,14000000,15549702,1549702
Beyond the Mat,500000,2047570,1547570
The Legend of Drunken Master,10000000,11546543,1546543
Psycho,20000000,21541218,1541218
Rio 2,130000000,131538435,1538435
Traitor,22000000,23530831,1530831
Seven Psychopaths,13500000,15024049,1524049
A Perfect Getaway,14000000,15515460,1515460
Frozen River,1000000,2511476,1511476
Eye of the Beholder,15000000,16500786,1500786
A Ghost Story,100000,1594798,1494798
Your Sister's Sister,120000,1597486,1477486
Prometheus,125000000,126477084,1477084
Donât Think Twice,3000000,4417983,1417983
Quigley Down Under,20000000,21413105,1413105
Crossover,5600000,7009668,1409668
Sidewalks of New York,1000000,2402459,1402459
Woodlawn,13000000,14394097,1394097
The Last Temptation of Christ,7000000,8373585,1373585
When The Cat's Away,300000,1652472,1352472
Fahrenheit 11/9,5000000,6352306,1352306
American Made,50000000,51342000,1342000
Harsh Times,2000000,3337931,1337931
Ghost Dog: The Way of the Samurai,2000000,3330230,1330230
Rules of Engagement,60000000,61322858,1322858
"Gone, Baby, Gone",19000000,20300218,1300218
Eraser,100000000,101295562,1295562
Quinceanera,400000,1692693,1292693
Blended,45000000,46290741,1290741
To Die For,20000000,21284514,1284514
Raising Victor Vargas,800000,2073984,1273984
Songcatcher,1800000,3050934,1250934
Niagara,1250000,2500000,1250000
Victoria and Abdul,21000000,22245070,1245070
Ida,2600000,3827060,1227060
Swiss Army Man,3000000,4210454,1210454
Slacker,23000,1227508,1204508
Murderball,350000,1531154,1181154
Enough,38000000,39177215,1177215
Top Hat,609000,1782000,1173000
Thinner,14000000,15171475,1171475
East is East,3000000,4170647,1170647
Nurse Betty,24000000,25170054,1170054
The Harvey Girls,2931000,4100000,1169000
Shalako,1455000,2620000,1165000
Henry V,9000000,10161099,1161099
UHF,5000000,6157157,1157157
Another Earth,175000,1321194,1146194
Whipped,3000000,4142507,1142507
Bathing Beauty,2361000,3500000,1139000
The Shaggy Dog,60000000,61123569,1123569
Kama Sutra,3000000,4109095,1109095
Mile 22,35000000,36108758,1108758
Sea Rex 3D: Journey to a Prehistoric World,5000000,6096582,1096582
Grandmaâs Boy,5000000,6090172,1090172
Frances Ha,3000000,4067398,1067398
The Meddler,3200000,4267219,1067219
Dead Man on Campus,14000000,15064948,1064948
Man on Wire,1900000,2962242,1062242
Two Girls and a Guy,1000000,2057193,1057193
Dazed and Confused,6900000,7950889,1050889
Tumbleweeds,312000,1350248,1038248
Please Give,3000000,4033574,1033574
Dreamer: Inspired by a True Story,32000000,33022286,1022286
Snakes on a Plane,33000000,34020814,1020814
But I'm a Cheerleader,1200000,2205627,1005627
Piranha 3D,24000000,25003155,1003155
Willy Wonka & the Chocolate Factory,3000000,4000000,1000000
The Train,5800000,6800000,1000000
42nd Street,439000,1438000,999000
N-Secure,1600000,2595644,995644
A Hard Day's Night,560000,1537860,977860
Constantine,75000000,75976178,976178
Trois,200000,1161843,961843
Shorts,20000000,20919166,919166
Carol,11800000,12711491,911491
The Overnight,200000,1109808,909808
The Gatekeepers,1500000,2408553,908553
Living Out Loud,12000000,12905901,905901
Warlock: The Armageddon,3000000,3902679,902679
Dogtown and Z-Boys,400000,1293295,893295
Burn,225000,1109276,884276
Buffalo '66,1500000,2380606,880606
The Inkwell,8000000,8864699,864699
200 Cigarettes,6000000,6852450,852450
My Fellow Americans,21500000,22331846,831846
High Tension,2850000,3681066,831066
Office Space,10000000,10827813,827813
Syriana,50000000,50824620,824620
Robot & Frank,2500000,3317468,817468
Indivisible,2700000,3511417,811417
Grace Unplugged,1700000,2507159,807159
Urbania,225000,1032075,807075
Chuck&Buck,250000,1055671,805671
The Wrong Man,1200000,2000000,800000
Repo Man,1500000,2300000,800000
Rachel Getting Married,12000000,12796861,796861
Kick-Ass 2,28000000,28795985,795985
Dance Flick,25000000,25794018,794018
The Best of Me,26000000,26766213,766213
Letters from Iwo Jima,13000000,13756082,756082
Bacheha-Ye aseman,180000,933933,753933
The Singles Ward,500000,1250798,750798
Free Birds,55000000,55750480,750480
The Broken Hearts Club: A Romantic Comedy,1000000,1744858,744858
Resident Evil: Apocalypse,50000000,50740078,740078
The Bachelor,21000000,21731001,731001
Ghost World,5500000,6217849,717849
Who Killed the Electric Car?,1000000,1678874,678874
Time Changer,825000,1500711,675711
City Island,6000000,6671283,671283
The Punisher,33000000,33664370,664370
Dayereh,10000,673780,663780
American Desi,250000,902835,652835
The Man with the Iron Fists,15000000,15634090,634090
Sholem Aleichem: Laughing in the Darkness,500000,1131261,631261
Let's Go to Prison,4000000,4630045,630045
Osama,500000,1127331,627331
Groove,500000,1115313,615313
The R.M.,500000,1111615,611615
8 Heads in a Duffel Bag,3000000,3602884,602884
Jingle All the Way,60000000,60592389,592389
Crocodile Dundee in Los Angeles,25000000,25590119,590119
Captive,2000000,2583301,583301
Iâm Not Ashamed,1500000,2082980,582980
Deliver Us from Evil,30000000,30577122,577122
Drop Dead Gorgeous,10000000,10571408,571408
Get on Up,30000000,30569935,569935
Wendy and Lucy,300000,865695,565695
We Own the Night,28000000,28563179,563179
In the Land of Women,10500000,11052958,552958
Maurice,2600000,3147950,547950
Saints and Soldiers,780000,1310470,530470
Entre les murs,3250000,3766810,516810
Full Frontal,2000000,2512846,512846
Army of Darkness,11000000,11502976,502976
Slums of Beverly Hills,5000000,5502773,502773
Charlotte's Web,82500000,82985708,485708
Twin Falls Idaho,500000,985341,485341
20 Dates,66000,541636,475636
Cyrus,7000000,7468936,468936
Days of Heaven,3000000,3446749,446749
L.I.E.,700000,1140965,440965
W.,25100000,25534493,434493
Primer,7000,424760,417760
The Water Horse: Legend of the Deep,40000000,40412817,412817
Pink Flamingos,12000,413802,401802
"For a Good Time, Call",850000,1251749,401749
Deuce Bigalow: European Gigolo,22000000,22400154,400154
Tea with Mussolini,14000000,14395874,395874
Hearts Beat Loud,2000000,2386254,386254
Zookeeper,80000000,80360866,360866
White Oleander,16000000,16357770,357770
The Secrets of Jonathan Sperry,1000000,1355079,355079
Festen,1300000,1647780,347780
Sex and the City 2,95000000,95347692,347692
Mata Hari,558000,900000,342000
Tiny Furniture,50000,391674,341674
"Happy, Texas",1700000,2039192,339192
Down by Law,1100000,1436000,336000
127 Hours,18000000,18335230,335230
Once Upon a Time in the West,5000000,5321508,321508
Columbus,700000,1017107,317107
Outside Providence,7000000,7309628,309628
Made,5000000,5308707,308707
The Resurrection of Gavin Stone,2000000,2303792,303792
Four Rooms,4000000,4301000,301000
"4 luni, 3 saptamani si 2 zile",900000,1196321,296321
Weekend,190000,484592,294592
Walking and Talking,1000000,1287480,287480
Thirteen Conversations About One Thing,3000000,3287435,287435
The Last Waltz,35000,321952,286952
Waltz with Bashir,2000000,2283849,283849
Shadow of the Vampire,8000000,8279017,279017
Sound of My Voice,135000,408015,273015
Vampires,20000000,20268825,268825
The Offspring,1100000,1355728,255728
Heroes,400000,655538,255538
Trekkies,375000,617172,242172
Cube,250000,489220,239220
Bubba Ho-Tep,1000000,1239183,239183
Smiling Fish and Goat on Fire,40000,277233,237233
Boynton Beach Club,2900000,3127472,227472
The Rocky Horror Picture Show,1200000,1414845,214845
The Legend of God's Gun,30000,243768,213768
La mala educaciÃ³n,5000000,5211842,211842
Appaloosa,20000000,20211394,211394
The Best of Enemies,10000000,10205616,205616
Jennifer's Body,16000000,16204793,204793
Ruby in Paradise,800000,1001437,201437
The Signal,50000,251150,201150
The Postman Always Rings Twice,12000000,12200000,200000
George Washington,42000,241816,199816
Tarnation,400000,592014,192014
Blood Simple,1500000,1690913,190913
Star Trek: Insurrection,70000000,70187658,187658
Penitentiary,100000,287000,187000
Short Cut to Nirvana: Kumbh Mela,200000,381225,181225
Secret in Their Eyes,20000000,20180155,180155
My Date With Drew,1100,181041,179941
The Puffy Chair,15000,194523,179523
The Terrorist,25000,195043,170043
The Spanish Prisoner,10000000,10162034,162034
The Foot Fist Way,79000,234286,155286
The Book of Life,50000000,50151543,151543
The Hunchback of Notre Dame,100000000,100138851,138851
Firestarter,15000000,15136870,136870
Clean,10000,138711,128711
Compadres,3000000,3127773,127773
Krisha,30000,144822,114822
Open Season,85000000,85105259,105259
Mean Creek,500000,603951,103951
Breaking Upwards,15000,115592,100592
Cure,10000,94596,84596
Pandora's Box,800000,881950,81950
Iris,5500000,5580479,80479
Saul fia,1700000,1777043,77043
Jawbreaker,3000000,3076820,76820
Hard Candy,950000,1024640,74640
Let's Talk About Sex,300000,373615,73615
Mutual Appreciation,30000,103509,73509
Strangers with Candy,2000000,2072645,72645
Absolute Power,50000000,50068310,68310
No Man's Land,1000000,1067481,67481
Cavite,7000,70071,63071
Incendies,6800000,6857096,57096
Compliance,270000,319285,49285
Funny Ha Ha,30000,77070,47070
Secretary,4000000,4046737,46737
Lovesick,10100000,10143618,43618
Following,6000,48482,42482
Middle of Nowhere,200000,236806,36806
I Want Your Money,400000,433588,33588
Kingpin,25000000,25023424,23424
Le Violon rouge,10000000,10019109,19109
Night on Earth,2000000,2015000,15000
Call+Response,200000,212989,12989
The Lost Skeleton of Cadavra,100000,110536,10536
Moon,5000000,5010163,10163
Slam,1000000,1009819,9819
Nemesis,2000000,2001124,1124
A Plague So Pleasant,1400,0,-1400
Miss Bala,15000000,14998027,-1973
The Horse Boy,160000,156612,-3388
The Fits,170000,166425,-3575
Return to the Land of Wonders,5000,1338,-3662
Newlyweds,9000,4584,-4416
The Mongol King,7000,900,-6100
Red 11,7000,0,-7000
On the Downlow,10000,1987,-8013
Bang,10000,527,-9473
The Rise and Fall of Miss Thang,10000,401,-9599
Family Motocross,10000,0,-10000
Grip: A Criminal's Story,12000,1336,-10664
Tin Can Man,12000,0,-12000
The Exploding Girl,40000,25572,-14428
Shortbus,2000000,1985292,-14708
Stories of Our Lives,15000,0,-15000
Latter Days,850000,833118,-16882
The Ridges,17300,0,-17300
Pink Narcissus,27000,8231,-18769
Steel Spirit,20000,0,-20000
All Superheroes Must Die,20000,0,-20000
The Front Man,20000,0,-20000
Flywheel,20000,0,-20000
Down Terrace,30000,9812,-20188
Dry Spell,22000,0,-22000
Emily,27000,3547,-23453
Dutch Kills,25000,0,-25000
Ten,25000,0,-25000
Manito,25000,0,-25000
Exeter,25000,0,-25000
The Business of Fancy Dancing,200000,174682,-25318
Paraphobia,30000,0,-30000
I Love You â¦ Don't Touch Me!,68000,33598,-34402
Happy 40th,35000,0,-35000
Her Cry: La Llorona Investigation,35000,0,-35000
Raymond Did It,40000,3632,-36368
Hybrid,200000,162605,-37395
Love and Other Catastrophes,250000,212285,-37715
Basquiat,3000000,2962051,-37949
Sunday,450000,410919,-39081
The Woman Chaser,150000,110719,-39281
Happy Christmas,70000,30312,-39688
Foreign Letters,40000,0,-40000
Cheap Thrills,100000,59424,-40576
Counting,50000,8374,-41626
This Is Martin Bonner,42000,0,-42000
Old Joy,300000,255923,-44077
A True Story,45000,0,-45000
I Married a Strange Person,250000,203134,-46866
Visages villages,1000000,952432,-47568
The Invention of Lying,18500000,18451251,-48749
Big Things,50000,0,-50000
The Call of Cthulhu,50000,0,-50000
Bending Steel,50000,0,-50000
"Run, Hide, Die",50000,0,-50000
The Image Revolution,50000,0,-50000
Down and Dangerous,50000,0,-50000
Very Bad Things,10000000,9949470,-50530
First Reformed,3500000,3448256,-51744
Killing Them Softly,15000000,14945541,-54459
The Dirties,55000,0,-55000
Supporting Characters,60000,4917,-55083
November,250000,191862,-58138
Baghead,200000,140016,-59984
The Brain That Wouldn't Die,60000,0,-60000
Hayride,60000,0,-60000
The FP,60000,0,-60000
"Peace, Propaganda and the Promised Land",70000,4930,-65070
Dawn of the Crescent Moon,75000,8799,-66201
Absentia,70000,0,-70000
Conversations with Other Women,450000,379418,-70582
Sugar Town,250000,178095,-71905
Alien 3,55000000,54927174,-72826
Malevolence,200000,126021,-73979
Queen Crab,75000,0,-75000
Same Kind of Different as Me,6500000,6423605,-76395
All Eyez on Me,45000000,44922302,-77698
The Past is a Grotesque Animal,100000,20056,-79944
The Work and the Story,103000,16137,-86863
Tsotsi,3000000,2912606,-87394
Casa de mi Padre,6000000,5909483,-90517
Werk ohne Autor,1400000,1303747,-96253
Keeping it Real: The Adventures of Greg Walloch,100000,1358,-98642
Closure,100000,0,-100000
Tiger Orange,100000,0,-100000
The Night Visitor,100000,0,-100000
Indie Game: The Movie,100000,0,-100000
Open Secret,100000,0,-100000
"Dude, Where's My Dog",100000,0,-100000
Lunchtime Heroes,100000,0,-100000
Echo Dr.,100000,0,-100000
My Dog Tulip,350000,246574,-103426
A Dog's Breakfast,120000,0,-120000
Une Femme MariÃ©e,120000,0,-120000
The Blood of My Brother: A Story of Death in Iraq,120000,0,-120000
The Brain That Sings,125000,0,-125000
An American in Hollywood,125000,0,-125000
Romantic Schemer,125000,0,-125000
Bronson,230000,104979,-125021
The Calling,160000,32092,-127908
Charly,950000,814666,-135334
Antarctic Edge: 70Âº South,150000,7193,-142807
Top Spin,150000,5858,-144142
Brigham City,1000000,852206,-147794
Escaping the Holocost,150000,0,-150000
Aroused,150000,0,-150000
A Charlie Brown Christmas,150000,0,-150000
Speak No Evil,150000,0,-150000
Letters to God,3000000,2848587,-151413
Side Effects,200000,44701,-155299
Dolphin,170000,14000,-156000
Drinking Buddies,500000,343706,-156294
Blue Ruin,420000,258384,-161616
Butterfly Girl,180000,17503,-162497
Hurricane Streets,500000,334041,-165959
Lumea e a mea,168000,0,-168000
Good Dick,200000,28835,-171165
Sparrows Dance,175000,2602,-172398
Heroes of Dirt,175000,0,-175000
Arrowhead,180000,0,-180000
Happy Valley,250000,67665,-182335
The Real Cancun,4000000,3816594,-183406
90 Minutes in Heaven,5000000,4816142,-183858
The Canyons,250000,59671,-190329
Never Again,500000,307631,-192369
The Case of the Grinning Cat,200000,7033,-192967
Solitude,200000,6260,-193740
The Word,200000,3648,-196352
The Motel,250000,51540,-198460
The Trials of Darryl Hunt,200000,1217,-198783
Patti Cake$,1000000,800148,-199852
"New York, New York",14000000,13800000,-200000
The Man From Earth,200000,0,-200000
Samantha: An American Girl Holiday,200000,0,-200000
Yesterday Was a Lie,200000,0,-200000
Archaeology of a Woman,200000,0,-200000
Sanctuary; Quite a Conundrum,200000,0,-200000
Theresa Is a Mother,200000,0,-200000
H.,200000,0,-200000
Perfect Cowboy,200000,0,-200000
Incarnate,5000000,4799774,-200226
On the Outs,250000,49772,-200228
Shotgun Stories,250000,46026,-203974
Pootie Tang,3500000,3293258,-206742
First Morning,300000,87264,-212736
Kynodontas,323000,110248,-212752
Son of Rambow: A Home Movie,2000000,1785505,-214495
The Ballad of Cable Hogue,3716946,3500000,-216946
True Romance,12500000,12281000,-219000
Panic,1000000,779137,-220863
Shichinin no samurai,500000,271736,-228264
Nightlights,250000,21147,-228853
Pierrot le fou,300000,70807,-229193
Test,250000,18823,-231177
The Sticky Fingers of Time,250000,18195,-231805
Palo Alto,1000000,767732,-232268
Little Big Top,240000,7484,-232516
Pulse,20500000,20264436,-235564
Yu-Gi-Oh,20000000,19762690,-237310
Civil Brand,500000,254293,-245707
Jesus People,250000,0,-250000
Sunday School Musical,250000,0,-250000
The Frozen,250000,0,-250000
Ink,250000,0,-250000
The Christmas Bunny,250000,0,-250000
Rust,250000,0,-250000
Along the Roadside,250000,0,-250000
Butterfly,250000,0,-250000
The Love Letter,250000,0,-250000
UnDivided,250000,0,-250000
Horse Camp,250000,0,-250000
Western Religion,250000,0,-250000
4/11,250000,0,-250000
Shooting the Warwicks,250000,0,-250000
Rock the House,250000,0,-250000
Give Me Shelter,250000,0,-250000
MÃ¤n som hatar kvinnor,13000000,12749992,-250008
Happiness,3000000,2746453,-253547
The Watermelon Woman,300000,42735,-257265
3 Backyards,300000,39475,-260525
Monsters,500000,237301,-262699
51 Birch Street,350000,84689,-265311
Sisters in Law,300000,33312,-266688
E tu vivrai nel terrore - L'aldilÃ,400000,126387,-273613
Nueve Reinas,1500000,1222889,-277111
Nothing But a Man,300000,17241,-282759
Ayurveda: Art of Being,300000,16892,-283108
"First Love, Last Rites",300000,10876,-289124
Fighting Tommy Riley,300000,10514,-289486
Death Calls,290000,0,-290000
Locker 13,300000,3496,-296504
The Looking Glass,300000,1711,-298289
All You Need Is Love,300000,0,-300000
Walking to Paris,300000,0,-300000
Death Race 2000,300000,0,-300000
Midnight Cabaret,300000,0,-300000
Teeth and Blood,300000,0,-300000
Anderson's Cross,300000,0,-300000
Amidst the Devil's Wings,300000,0,-300000
Some Guy Who Kills People,300000,0,-300000
Home Movies,400000,89134,-310866
A Passage to India,27500000,27187653,-312347
The Blue Bird,1200000,887000,-313000
Riding Giants,2600000,2276368,-323632
Nowhere in Africa,6500000,6173485,-326515
The Lords of Salem,1500000,1165881,-334119
Reign Over Me,20000000,19661987,-338013
"The Book of Mormon Movie, Volume 1: The Journey",2000000,1660865,-339135
12 Angry Men,340000,0,-340000
Revolution#9,350000,9118,-340882
Moartea domnului Lazarescu,425000,80301,-344699
Lonesome Jim,500000,154187,-345813
Deceptive Practice: The Mysteries and Mentors of Ricky Jay,500000,152449,-347551
Rotor DR1,350000,0,-350000
Royal Kill,350000,0,-350000
Jackpot,400000,44452,-355548
Girl with a Pearl Earring,12000000,11634362,-365638
The Other Dream Team,500000,134109,-365891
Fabled,400000,31425,-368575
O Menino e o Mundo,500000,129479,-370521
Hellboy,60000000,59623958,-376042
Fiza,1000000,623791,-376209
Ajami,1000000,621859,-378141
Intolerance,385907,0,-385907
The Ballad of Gregorio Cortez,1305000,909000,-396000
Bride & Prejudice,7000000,6601079,-398921
The Dark Hours,400000,423,-399577
Rubber,500000,100370,-399630
Pancakes,400000,0,-400000
Show Me,400000,0,-400000
My Beautiful Laundrette,400000,0,-400000
Viskningar och rop,400000,0,-400000
The Hammer,850000,442638,-407362
Siakh lokhamim: ha'slilim ha'gnouzim,450000,41260,-408740
Gory Gory Hallelujah,425000,12604,-412396
Orgazmo,1000000,582024,-417976
Hot Pursuit,35000000,34580201,-419799
Hamlet,2000000,1577287,-422713
Mercy Streets,600000,173599,-426401
The Future,1000000,568662,-431338
Poultrygeist: Night of the Chicken Dead,450000,13804,-436196
As It Is in Heaven,450000,13486,-436514
Johnny Suede,500000,55000,-445000
Circumstance,900000,454121,-445879
Finishing the Game,500000,52850,-447150
Mutual Friends,450000,0,-450000
Rise Of the Entrepreneur - The Search For A Better Way,450000,0,-450000
All the Real Girls,1000000,549666,-450334
23 Blast,1000000,549185,-450815
Nowhere Boy,1900000,1445366,-454634
High Crimes,42000000,41543207,-456793
Dream With The Fishes,1000000,542909,-457091
Kiss the Bride,500000,32033,-467967
Concussion,35000000,34531832,-468168
Choke,3400000,2926565,-473435
The Toxic Avenger,475000,0,-475000
Escape from Tomorrow,650000,171962,-478038
Northfork,1900000,1420578,-479422
The Journey,500000,19800,-480200
Lage Raho Munna Bhai,2700000,2217561,-482439
Home,500000,15433,-484567
The Slaughter Rule,500000,13134,-486866
Sur Le Seuil,2500000,2013052,-486948
The Living Wake,500000,12232,-487768
Scott Walker: 30 Century Man,500000,6840,-493160
The Californians,500000,4134,-495866
Born to Fly: Elizabeth Streb vs. Gravity,500000,1822,-498178
Detention of the Dead,500000,1778,-498222
Higher Power,500000,528,-499472
Rodeo Girl,500000,0,-500000
The Little Ponderosa Zoo,500000,0,-500000
El rey de Najayo,500000,0,-500000
Feng kuang de shi tou,500000,0,-500000
Now is Good,500000,0,-500000
Griffin & Phoenix,500000,0,-500000
Everything Put Together,500000,0,-500000
The Sound and the Shadow,500000,0,-500000
Fight to the Finish,500000,0,-500000
Insomnia Manica,500000,0,-500000
Going Under,500000,0,-500000
Roadside,500000,0,-500000
Subconscious,500000,0,-500000
Love in the Time of Monsters,500000,0,-500000
The Outrageous Sophie Tucker,500000,0,-500000
America Is Still The Place,500000,0,-500000
Girls Gone Dead,500000,0,-500000
Enter Nowhere,500000,0,-500000
Drones,500000,0,-500000
Bucky and the Squirrels,500000,0,-500000
Diamond Ruff,500000,0,-500000
Alleluia! The Devil's Carnival,500000,0,-500000
Crossroads,500000,0,-500000
Brooklyn Bizarre,500000,0,-500000
A History of Violence,32000000,31493782,-506218
Das Boot,12000000,11487676,-512324
The Act of Killing,1000000,486919,-513081
The Quiet,900000,381420,-518580
The Diary of a Teenage Girl,2000000,1477002,-522998
Talk Radio,4000000,3468572,-531428
Sorority Row,12500000,11965282,-534718
Blue Car,1000000,464126,-535874
Sukkar banat,1600000,1060591,-539409
Faith Connections,550000,9111,-540889
High Road,546173,0,-546173
Trees Lounge,1300000,749741,-550259
Wristcutters: A Love Story,1000000,446165,-553835
Mustang,1400000,845464,-554536
The Harvest/La Cosecha,560000,3709,-556291
Water & Power,600000,42557,-557443
Julija in alfa Romeo,560000,0,-560000
No End In Sight,2000000,1433319,-566681
Luminarias,1000000,428535,-571465
Drowning Mona,16000000,15427192,-572808
Arnolds Park,600000,23616,-576384
Broken Vessels,600000,15030,-584970
Sleepover,10000000,9408183,-591817
Drunk Wedding,600000,3301,-596699
The Princess and the Frog,105000000,104400899,-599101
Cama adentro,800000,200433,-599567
Crop Circles: Quest for Truth,600000,0,-600000
They Will Have to Kill Us First,600000,0,-600000
The Maid's Room,600000,0,-600000
Irreplaceable,600000,0,-600000
Light from the Darkroom,600000,0,-600000
The Girlfriend Experience,1300000,695840,-604160
Blue Like Jazz,1200000,595018,-604982
The Foreigner,35000000,34393507,-606493
Ice Princess,25000000,24381334,-618666
Treachery,625000,0,-625000
Locke,2000000,1370646,-629354
Unforgettable,12000000,11368012,-631988
The Day the Earth Stood Still,80000000,79366978,-633022
Galaxina,5500000,4865000,-635000
Starsuckers,640000,0,-640000
The Guard,6000000,5359774,-640226
That Way Madness Lies,650000,1447,-648553
After,650000,0,-650000
The Hadza: Last of the First,650000,0,-650000
Deterrence,800000,144583,-655417
Keeping Up with the Steins,5000000,4339241,-660759
I Origins,1000000,336472,-663528
Journey from the Fall,1300000,635305,-664695
The Innkeepers,750000,78396,-671604
A Simple Plan,17000000,16316273,-683727
Naturally Native,700000,10508,-689492
Il conformista,750000,59656,-690344
The Basket,1300000,609042,-690958
The Sweet Hereafter,5000000,4306697,-693303
Bound,4500000,3802260,-697740
My Summer of Love,1700000,1000915,-699085
Walter,700000,0,-700000
B-Girl,700000,0,-700000
La mariÃ©e Ã©tait en noir,747000,44566,-702434
Interview with the Assassin,750000,47329,-702671
Undead,750000,41196,-708804
Antarctica: A Year on Ice,1000000,288757,-711243
The Battle of Shaker Heights,1000000,280351,-719649
31,1500000,779820,-720180
Taxi to the Dark Side,1000000,274661,-725339
Donkey Punch,750000,19367,-730633
The Mirror Has Two Faces,42000000,41267469,-732531
Small Time Crooks,18000000,17266359,-733641
The Mudge Boy,800000,62544,-737456
The Young Unknowns,800000,58163,-741837
The Pirate,3700000,2956000,-744000
DysFunkTional Family,3000000,2255000,-745000
Bled,750000,0,-750000
Adulterers,750000,0,-750000
All the Boys Love Mandy Lane,750000,0,-750000
Destiny,750000,0,-750000
Freddy Got Fingered,15000000,14249005,-750995
DÃ¸d snÃ¸,800000,46742,-753258
Faster,24000000,23240020,-759980
Die FÃ¤lscher,6250000,5488570,-761430
Not Cool,800000,35688,-764312
The Invitation,1000000,231738,-768262
Kill List,800000,29063,-770937
Guiana 1838,1000000,227241,-772759
Iraq for Sale: The War Profiteers,775000,0,-775000
My Best Friend's Girl,20000000,19219250,-780750
Kinsey,11000000,10214647,-785353
Love Liza,1000000,213137,-786863
The Ballad of Jack and Rose,1500000,712294,-787706
Center Stage,18000000,17200925,-799075
Vessel,800000,0,-800000
Rabbit-Proof Fence,7000000,6199600,-800400
Crying With Laughter,820000,0,-820000
Que Horas Ela Volta?,1200000,376976,-823024
London to Brighton,825000,0,-825000
Windsor Drive,850000,3256,-846744
Get Real,2000000,1152411,-847589
Snitch,850000,0,-850000
Harrison Montgomery,850000,0,-850000
Sex with Strangers,1100000,247740,-852260
Once in a Lifetime: the Extraordinary Story of the New York Cosmos,1000000,144601,-855399
Requiem for a Dream,4500000,3635482,-864518
In the Shadow of the Moon,2000000,1134358,-865642
Jason X,14000000,13121555,-878445
Lisa Picard is Famous,1000000,113433,-886567
The Giant Mechanical Man,900000,7396,-892604
The Brass Teapot,900000,6997,-893003
Beyond the Brick: A LEGO Brickumentary,1000000,101531,-898469
The House of the Devil,1000000,101215,-898785
L!fe Happens,930000,30905,-899095
Le bonheur d'Elza,900000,0,-900000
40 Weeks,900000,0,-900000
Hardflip,1000000,96734,-903266
Kate and Leopold,48000000,47095453,-904547
Rocket Singh: Salesman of the Year,1070000,164649,-905351
Food Chains,913000,0,-913000
Adam,3200000,2283291,-916709
Bottle Shock,5000000,4078607,-921393
Creative Control,1000000,63014,-936986
Norm of the North,18000000,17062499,-937501
Buried,1987650,1044143,-943507
Q,1200000,255000,-945000
House of Flying Daggers,12000000,11050094,-949906
Ask Me Anything,950000,0,-950000
Banshee Chapter,950000,0,-950000
Trance,950000,0,-950000
Jesse,950000,0,-950000
Chocolate: Deep Dark Secrets,1000000,49000,-951000
The Perfect Host,1000000,48764,-951236
Don't Be Afraid of the Dark,25000000,24046682,-953318
Higher Ground,1800000,841056,-958944
The History Boys,3700000,2730296,-969704
Crooklyn,14000000,13024170,-975830
The Last Big Thing,1000000,22434,-977566
Safe Men,1000000,21210,-978790
And Then Came Love,989000,8158,-980842
Speedway Junky,1000000,17127,-982873
Hits,1000000,15156,-984844
The Specials,1000000,12996,-987004
16 to Life,1000000,11574,-988426
Unsullied,1500000,510957,-989043
Alone with Her,1000000,10787,-989213
Camp X-Ray,1000000,9837,-990163
Special,1000000,7202,-992798
The Sisterhood of Night,1000000,6870,-993130
Sparkler,1000000,5494,-994506
The Helixâ¦Loaded,1000000,3700,-996300
Childless,1000000,1036,-998964
In Her Line of Fire,1000000,884,-999116
The Jimmy Show,1000000,703,-999297
American Hero,1000000,0,-1000000
Heli,1000000,0,-1000000
Karachi se Lahore,1000000,0,-1000000
Loving Annabelle,1000000,0,-1000000
Hush,1000000,0,-1000000
Frat Party,1000000,0,-1000000
Zombie Hunter,1000000,0,-1000000
State Fair,4500000,3500000,-1000000
Jimmy and Judy,1000000,0,-1000000
Chemical Cut,1000000,0,-1000000
The Horror Network,1000000,0,-1000000
1982,1000000,0,-1000000
Bang Bang Baby,1000000,0,-1000000
The Pet,1000000,0,-1000000
Fear Clinic,1000000,0,-1000000
A Fine Step,1000000,0,-1000000
Doc Holliday's Revenge,1000000,0,-1000000
Por amor en el caserio,1000000,0,-1000000
Hidden Away,1000000,0,-1000000
Steppin: The Movie,1000000,0,-1000000
Black Rock,1000000,0,-1000000
Truth or Die,1000000,0,-1000000
Snow White: A Deadly Summer,1000000,0,-1000000
Zombies of Mass Destruction,1000000,0,-1000000
My Last Day Without You,1000000,0,-1000000
Proud,1000000,0,-1000000
The Party's Over,1000000,0,-1000000
The Poker House,1000000,0,-1000000
Above and Beyond,1300000,288751,-1011249
Closer,35000000,33987757,-1012243
Meek's Cutoff,2000000,977772,-1022228
Joy Ride,23000000,21973182,-1026818
Beyond the Black Rainbow,1100000,56491,-1043509
Des Hommes et Des Dieux,5000000,3954651,-1045349
The Babadook,2000000,950792,-1049208
Dracula: Pages from a Virgin's Diary,1100000,39659,-1060341
Waiting for Guffman,4000000,2922988,-1077012
Killing Zoe,1500000,418953,-1081047
Def-Con 4,1300000,210904,-1089096
The Believer,1500000,406035,-1093965
The Holy Girl,1400000,304124,-1095876
Snow Angels,1500000,402858,-1097142
The Sleepwalker,1100000,2636,-1097364
Departure,1100000,0,-1100000
The Vatican Exorcisms,1100000,0,-1100000
Faith Like Potatoes,1100000,0,-1100000
Silent Running,1100000,0,-1100000
Lake Mungo,1100000,0,-1100000
The Dead Undead,1100000,0,-1100000
Georgia Rule,20000000,18882880,-1117120
Dead Man's Shoes,1125000,6408,-1118592
Camping Sauvage,4600000,3479302,-1120698
Session 9,1500000,378176,-1121824
MOOZ-lum,1500000,362239,-1137761
La chambre bleue,1400000,260441,-1139559
The Virgin Suicides,6000000,4859475,-1140525
Down & Out with the Dolls,1200000,58936,-1141064
One Day,15000000,13843771,-1156229
Movie 43,10000000,8840453,-1159547
POM Wonderful Presents: The Greatest Movie Ever Sold,1800000,638476,-1161524
"Pink Ribbons, Inc.",1200000,26608,-1173392
Under the Rainbow,20000000,18826490,-1173510
Tusk,3000000,1821983,-1178017
Out of the Dark,1600000,419428,-1180572
Blood Feast,1200000,8708,-1191292
Certifiably Jonathan,1200000,7826,-1192174
La navaja de Don Juan,1200000,4254,-1195746
Can You Ever Forgive Me?,10000000,8803865,-1196135
Mona Lisa Smile,65000000,63803100,-1196900
The Wall,3000000,1803064,-1196936
Body Double,10000000,8801940,-1198060
Neal n' Nikki,1300000,100358,-1199642
Airborne,1200000,0,-1200000
Cotton Comes to Harlem,1200000,0,-1200000
Grand Theft Parsons,1200000,0,-1200000
The Islands,1200000,0,-1200000
Crowsnest,1200000,0,-1200000
Below Zero,1200000,0,-1200000
The Wicked Within,1200000,0,-1200000
The Charge of the Light Brigade,1200000,0,-1200000
Extreme Movie,1200000,0,-1200000
Bleeding Hearts,1200000,0,-1200000
Love Stinks,4000000,2793776,-1206224
Radio Days,16000000,14792779,-1207221
Jesus' Son,2500000,1282084,-1217916
Bully,2100000,881824,-1218176
Mollyâs Game,30000000,28780744,-1219256
Logan Lucky,29000000,27778642,-1221358
The Hebrew Hammer,1300000,77755,-1222245
Me and Earl and the Dying Girl,8000000,6758416,-1241584
Firewall,50000000,48751189,-1248811
Bodom,1250000,0,-1250000
Da Sweet Blood of Jesus,1250000,0,-1250000
How Green Was My Valley,1250000,0,-1250000
Diary of a Wimpy Kid: The Long Haul,22000000,20738724,-1261276
Los insolitos peces gato,1300000,11278,-1288722
Loving,9000000,7710234,-1289766
Jekyll and Hyde... Together Again,5000000,3707583,-1292417
Travellers and Magicians,1800000,506793,-1293207
Simon,1300000,4055,-1295945
Catch That Kid,18000000,16703799,-1296201
The Five-Year Engagement,30000000,28700285,-1299715
The Algerian,1300000,0,-1300000
Forget Me Not,1300000,0,-1300000
The 41-Year-Old Virgin Who Knocked Up Sarah Marshall and Felt Superbad About It,1300000,0,-1300000
Jack Reacher: Never Go Back,60000000,58697076,-1302924
Yes,1700000,396035,-1303965
I Want Someone To Eat Cheese With,1500000,194568,-1305432
College,6000000,4694491,-1305509
Who's Your Caddy?,7000000,5694308,-1305692
Inside Deep Throat,2000000,691880,-1308120
Saving Face,2500000,1187266,-1312734
Amigo,1500000,184705,-1315295
Larry the Cable Guy: Health Inspector,17000000,15680099,-1319901
Hatchet,1500000,175281,-1324719
My Name is Bruce,1500000,173066,-1326934
Samsara,4000000,2672413,-1327587
La science des rÃªves,6000000,4670644,-1329356
Mad Money,22000000,20668843,-1331157
The Disappearance of Alice Creed,1500000,166980,-1333020
Modern Times,1500000,163245,-1336755
Monster House,75000000,73661010,-1338990
The Salon,1500000,139084,-1360916
Dinner Rush,2000000,638227,-1361773
Incident at Loch Ness,1400000,36830,-1363170
The Virginity Hit,2000000,636706,-1363294
The Square,1500000,124244,-1375756
Batman - The Movie,1377800,0,-1377800
Stolen Summer,1500000,119841,-1380159
Table 19,5000000,3614896,-1385104
Road Hard,1500000,113169,-1386831
Thr3e,2400000,1008849,-1391151
Eddie: The Sleepwalking Cannibal,1400000,1632,-1398368
House at the End of the Drive,1400000,0,-1400000
My Girlfriend's Boyfriend,1400000,0,-1400000
Kurmanjan datka,1400000,0,-1400000
Mommy,4900000,3498695,-1401305
Little Voice,6000000,4595000,-1405000
Brick Lane,2500000,1094998,-1405002
The Losers,25000000,23591432,-1408568
Brotherly Love,1900000,478595,-1421405
Forty Shades of Blue,1500000,75828,-1424172
Submarine,1900000,467602,-1432398
I Think I Love My Wife,14000000,12559771,-1440229
Trucker,1500000,52429,-1447571
Bubble,1600000,145382,-1454618
Sex Tape,40000000,38543473,-1456527
Miss March,6000000,4543320,-1456680
Clockwatchers,2000000,537948,-1462052
Dil Jo Bhi Kahey...,1600000,129319,-1470681
MacGruber,10000000,8525600,-1474400
Love and Death on Long Island,4030000,2542264,-1487736
The Square,1900000,406216,-1493784
Pontypool,1500000,3865,-1496135
"Me, You and Five Bucks",1500000,2105,-1497895
Housebound,1500000,0,-1500000
Teefa in Trouble,1500000,0,-1500000
Wal-Mart: The High Cost of Low Price,1500000,0,-1500000
Closer to the Moon,1500000,0,-1500000
Fetching Cody,1500000,0,-1500000
The Lion of Judah,1500000,0,-1500000
Once Upon a Time in Queens,1500000,0,-1500000
Girlhouse,1500000,0,-1500000
Mutant World,1500000,0,-1500000
Checkmate,1500000,0,-1500000
#Horror,1500000,0,-1500000
Split Second,7000000,5430822,-1569178
Mississippi Mermaid,1600000,27795,-1572205
You Kill Me,4000000,2426851,-1573149
Street Fighter,35000000,33423000,-1577000
The Kingâs Thief,1577000,0,-1577000
Black Knight,35000000,33422806,-1577194
Two Night Stand,1600000,15600,-1584400
I Love Your Work,1600000,3264,-1596736
Ladyhawke,20000000,18400000,-1600000
Simply Irresistible,6000000,4398989,-1601011
May,1750000,145540,-1604460
Subway,2000000,390659,-1609341
House of D,2000000,388532,-1611468
Florence Foster Jenkins,29000000,27383770,-1616230
It's Kind of a Funny Story,8000000,6363628,-1636372
Into the Wild,20000000,18354356,-1645644
Teeth,2000000,347578,-1652422
I Spit on Your Grave,1750000,93051,-1656949
Gone in 60 Seconds,103300000,101643008,-1656992
Braid,1660000,0,-1660000
De-Lovely,15000000,13337299,-1662701
ABCD (Any Body Can Dance),1900000,222098,-1677902
Hot Tub Time Machine 2,14000000,12314651,-1685349
Stonewall,2000000,304602,-1695398
"Dancer, Texas Pop. 81",2300000,574838,-1725162
Elephant,3000000,1266955,-1733045
The Game,50000000,48265581,-1734419
Simon Birch,20000000,18253415,-1746585
Living Dark: The Story of Ted the Caver,1750000,0,-1750000
Glengarry Glen Ross,12500000,10725228,-1774772
Green Room,5000000,3220371,-1779629
Elling,2100000,313436,-1786564
Barfi,4600000,2804874,-1795126
Diary of the Dead,2750000,952620,-1797380
Ed and his Dead Mother,1800000,673,-1799327
Beginnerâs Guide to Sex,1800000,0,-1800000
Against the Wild,1800000,0,-1800000
Independence Daysaster,1800000,0,-1800000
Dysfunctional Friends,1800000,0,-1800000
Deadline,1800000,0,-1800000
Sublime,1800000,0,-1800000
Sherrybaby,2000000,199176,-1800824
Sorority Boys,12000000,10198766,-1801234
The Last Sin Eater,2200000,388390,-1811610
Scream 4,40000000,38180928,-1819072
Peeples,11000000,9177065,-1822935
What's Eating Gilbert Grape,11000000,9170214,-1829786
G.I. Jane,50000000,48169156,-1830844
The Prince & Me,30000000,28165882,-1834118
Homefront,22000000,20158492,-1841508
The Last Five Years,2000000,147299,-1852701
Six-String Samurai,2000000,134624,-1865376
Jobs,18000000,16131410,-1868590
Les Choristes,5500000,3629758,-1870242
The Drop,12600000,10724389,-1875611
Hum to Mohabbt Karega,2000000,121807,-1878193
It's All Gone Pete Tong,2000000,120620,-1879380
Chacun sa nuit,1900000,18435,-1881565
Dirty Pretty Things,10000000,8112414,-1887586
How to Deal,16000000,14108518,-1891482
Saint John of Las Vegas,2000000,102645,-1897355
Stranded,1900000,0,-1900000
Vaalu,1900000,0,-1900000
Pooh's Heffalump Movie,20000000,18098433,-1901567
Fighting,25000000,23091010,-1908990
Ri¢hie Ri¢h,40000000,38087756,-1912244
Whip It,15000000,13077184,-1922816
Thoroughbreds,5000000,3072605,-1927395
24 7: Twenty Four Seven,2000000,72544,-1927456
Pump,2000000,72277,-1927723
Baywatch,60000000,58060186,-1939814
Roadside Romeo,2000000,55202,-1944798
Marshall,12000000,10051659,-1948341
The Marine 4,1950000,0,-1950000
The Lost Medallion: The Adventures of Billy Stone,2500000,549632,-1950368
Eureka,2000000,49388,-1950612
Heavenly Creatures,5000000,3046086,-1953914
Lost River,2000000,45431,-1954569
Idiocracy,2400000,444093,-1955907
This Thing of Ours,2000000,37227,-1962773
Knock Knock,2000000,36336,-1963664
Growing up Smith,2000000,35312,-1964688
Super Capers,2000000,30955,-1969045
The American President,62000000,60022813,-1977187
Return of the Living Dead 3,2000000,21000,-1979000
Left Behind,16000000,14019924,-1980076
Nikita,7000000,5017971,-1982029
The Missing Person,2000000,17896,-1982104
A Walk Among the Tombstones,28000000,26017685,-1982315
The First Time,2000000,17061,-1982939
The Age of Innocence,34000000,32014993,-1985007
London,2000000,12667,-1987333
Circle,2000000,10024,-1989976
Damsels in Distress,3000000,1007535,-1992465
Eden Lake,2000000,7321,-1992679
Jerusalema,2000000,7294,-1992706
Say Uncle,2000000,5361,-1994639
The Astronaut Farmer,13000000,11003643,-1996357
Plush,2000000,3080,-1996920
The Ghastly Love of Johnny X,2000000,2436,-1997564
The Other Side of the Door,5000000,3000342,-1999658
The Dog Lover,2000000,0,-2000000
Lesbian Vampire Killers,2000000,0,-2000000
Nine Dead,2000000,0,-2000000
Grave Encounters,2000000,0,-2000000
Bone Tomahawk,2000000,0,-2000000
Freeze Frame,2000000,0,-2000000
Stitches,2000000,0,-2000000
The Wiz,24000000,22000000,-2000000
Bananas,2000000,0,-2000000
Shark Lake,2000000,0,-2000000
Wind Walkers,2000000,0,-2000000
No Man's Land: The Rise of Reeker,2000000,0,-2000000
The Curse of Downers Grove,2000000,0,-2000000
True Bromance,2000000,0,-2000000
The Walking Deceased,2000000,0,-2000000
Slacker Uprising,2000000,0,-2000000
A Funny Thing Happened on the Way to the Forum,2000000,0,-2000000
Pendulum,2000000,0,-2000000
Lucky Dog,2000000,0,-2000000
Coffee Town,2000000,0,-2000000
Small Apartments,2000000,0,-2000000
Highway,2000000,0,-2000000
The Legend of Hellâs Gate: An American Conspiracy,2000000,0,-2000000
Straight A's,2000000,0,-2000000
The Lady from Shanghai,2000000,0,-2000000
Wings,2000000,0,-2000000
Rockaway,2000000,0,-2000000
"To Be Frank, Sinatra at 100",2000000,0,-2000000
L\'auberge espagnole,5900000,3895664,-2004336
The Pirates Who Don't Do Anything: A VeggieTales Movie,15000000,12981269,-2018731
Juwanna Mann,15600000,13571817,-2028183
This is England,2380000,327919,-2052081
My Life Without Me,2500000,432360,-2067640
Soul Plane,16000000,13922211,-2077789
Mi America,2100000,3330,-2096670
Lies in Plain Sight,2100000,0,-2100000
The Timber,2100000,0,-2100000
Sharkskin,2100000,0,-2100000
[Rec],2100000,0,-2100000
Infected,2100000,0,-2100000
U2 3D,15000000,12898847,-2101153
The Bad News Bears,35000000,32868349,-2131651
My Stepmother Is an Alien,16000000,13854000,-2146000
Jack Brooks: Monster Slayer,2150000,0,-2150000
Marilyn Hotchkiss' Ballroom Dancing and Charm School,2500000,349132,-2150868
Chicken Tikka Masala,2160000,0,-2160000
Super,2500000,327716,-2172284
School for Scoundrels,20000000,17807569,-2192431
Highlander: Endgame,15000000,12801190,-2198810
Impact Point,2200000,0,-2200000
The Founder,15000000,12786053,-2213947
Bad Words,10000000,7779614,-2220386
All is Lost,8500000,6263670,-2236330
Frontera,2300000,59696,-2240304
Autumn in New York,40000000,37752931,-2247069
Fool's Gold,72500000,70231041,-2268959
Go For It!,2450000,180237,-2269763
Redemption Road,2300000,29384,-2270616
The Other Side of Heaven,7000000,4720371,-2279629
Everything Must Go,5000000,2712131,-2287869
Oldboy,3000000,707391,-2292609
Hobo with a Shotgun,3000000,703372,-2296628
The Toxic Avenger Part II,2300000,0,-2300000
Eden,2300000,0,-2300000
The Brave Little Toaster,2300000,0,-2300000
Artie Lange's Beer League,2800000,475000,-2325000
Fuel,2500000,174255,-2325745
Jumper,82500000,80172128,-2327872
Idlewild,15000000,12669914,-2330086
The D Train,3000000,669688,-2330312
"Good Bye, Lenin!",6400000,4063859,-2336141
The Pallbearer,8000000,5656388,-2343612
Life as a House,18000000,15652637,-2347363
The Hotel New Hampshire,7500000,5142858,-2357142
The Savages,9000000,6623082,-2376918
LÃ¥t den rÃ¤tte komma in,4500000,2122085,-2377915
Valley of the Hearts Delight,2500000,118666,-2381334
The Other End of the Line,2500000,115504,-2384496
Into the Storm,50000000,47602194,-2397806
8: The Mormon Proposition,2500000,100280,-2399720
Always Woodstock,2400000,0,-2400000
NiktÃ©,2400000,0,-2400000
Wish I Was Here,6000000,3591299,-2408701
While We're Young,10000000,7582065,-2417935
Sleep Dealer,2500000,80136,-2419864
Eye of the Dolphin,2500000,72210,-2427790
Over Her Dead Body,10000000,7570127,-2429873
Underdogs,2500000,35017,-2464983
Silent Hill: Revelation 3D,20000000,17530219,-2469781
Igor,22000000,19528602,-2471398
The Pianist,35000000,32519322,-2480678
Agent Cody Banks 2: Destination London,26000000,23514247,-2485753
Anatomie,2500000,9598,-2490402
Shame,6500000,4002293,-2497707
8 Days,2500000,0,-2500000
Not Safe For Work,2500000,0,-2500000
The Rise of the Krays,2500000,0,-2500000
Antibirth,2500000,0,-2500000
Sky Sharks,2500000,0,-2500000
Stung,2500000,0,-2500000
Christmas Mail,2500000,0,-2500000
Alien Uprising,2500000,0,-2500000
The Calling,2500000,0,-2500000
War,25000000,22486409,-2513591
A Wrinkle in Time,103000000,100478608,-2521392
Home for the Holidays,20000000,17468887,-2531113
Sunshine State,5600000,3064356,-2535644
Kill the Messenger,5000000,2450846,-2549154
Bachelorette,3000000,446770,-2553230
The Zookeeperâs Wife,20000000,17445186,-2554814
Los CronocrÃ­menes,2600000,39127,-2560873
The Art of Getting By,4000000,1430241,-2569759
Paul,40000000,37412945,-2587055
La Cara Oculta,2600000,0,-2600000
Timber Falls,2600000,0,-2600000
Silver Medalist,2600000,0,-2600000
"Fat, Sick & Nearly Dead",2600000,0,-2600000
Believe,3500000,890303,-2609697
La otra conquista,3500000,886410,-2613590
Fish Tank,3000000,374675,-2625325
Dark Angel,7000000,4372561,-2627439
The Dress,2650000,16556,-2633444
Saving Silverman,22000000,19351569,-2648431
Everybody Wants to Be Italian,3000000,351416,-2648584
Venus,6000000,3347411,-2652589
Diane,2660000,0,-2660000
Creature,3000000,331000,-2669000
Thumbsucker,4000000,1328679,-2671321
Veronica Mars,6000000,3322127,-2677873
The Bounce Back,3000000,321910,-2678090
Bones,10000000,7316658,-2683342
The Incredible Hulk,137500000,134806913,-2693087
Nochnoy dozor,4200000,1502188,-2697812
Rejsen til Saturn,2700000,0,-2700000
Sardaar Ji,2700000,0,-2700000
Freeway,3000000,295493,-2704507
Summer of Sam,22000000,19288130,-2711870
Youth in Revolt,18000000,15285588,-2714412
Only the Strong,6000000,3273588,-2726412
Love's Abiding Joy,3000000,252726,-2747274
Bobby,14000000,11242801,-2757199
Dead Alive,3000000,242623,-2757377
Jagten,3450000,687185,-2762815
Fired Up,20000000,17231291,-2768709
Rabbit Hole,5000000,2229058,-2770942
Confidence,15000000,12212417,-2787583
Chain Letter,3000000,205842,-2794158
Tim and Eric's Billion Dollar Movie,3000000,201436,-2798564
Freakonomics,2900000,101270,-2798730
La Vie d'AdÃ¨le â Chapitres 1 & 2,5250000,2450504,-2799496
Tango,4500000,1687311,-2812689
Jem and the Holograms,5000000,2184640,-2815360
American Honey,3500000,663247,-2836753
Holly,3000000,163069,-2836931
And So It Goes,18000000,15160801,-2839199
Persepolis,7300000,4443403,-2856597
Paterson,5000000,2141423,-2858577
The Guilt Trip,40000000,37134215,-2865785
The Eclipse,3000000,133411,-2866589
Chasing Papi,9000000,6126237,-2873763
Griff the Invisible,2900000,20778,-2879222
The Judge,50000000,47119388,-2880612
The Grand,3000000,115879,-2884121
The Bronze,3500000,615816,-2884184
Kung Fu Hustle,20000000,17104669,-2895331
Sommersturm,3000000,95204,-2904796
L\'incomparable mademoiselle C.,3400000,493905,-2906095
Zero Effect,5000000,2080693,-2919307
Fort McCoy,3000000,78948,-2921052
Seeking a Friend for the End of the World,10000000,7078738,-2921262
The Forbidden Kingdom,55000000,52075270,-2924730
Hedwig and the Angry Inch,6000000,3067312,-2932688
Red State,4000000,1065429,-2934571
House of Wax,35000000,32064800,-2935200
The Gambler,3000000,51773,-2948227
The Way of the Gun,9000000,6047856,-2952144
Just Looking,3000000,39852,-2960148
Amour,9700000,6738954,-2961046
Before We Go,3000000,37151,-2962849
Don Juan DeMarco,25000000,22032635,-2967365
Maze Runner: The Death Cure,61000000,58032443,-2967557
Turistas,10000000,7027762,-2972238
Dirty Work,13000000,10020081,-2979919
Woman on Top,8000000,5018450,-2981550
The Divide,3000000,18000,-2982000
Lady in White,4700000,1705139,-2994861
Tanner Hall,3000000,5073,-2994927
My Big Fat Independent Movie,3000000,4655,-2995345
Chicago Overcoat,3000000,0,-3000000
Demonic,3000000,0,-3000000
Ã l\'intÃ©rieur,3000000,0,-3000000
They Came Together,3000000,0,-3000000
Open Road,3000000,0,-3000000
Alice in Wonderland,3000000,0,-3000000
Barry Munday,3000000,0,-3000000
The Deported,3000000,0,-3000000
Unnatural,3000000,0,-3000000
Never Back Down 2: The Beatdown,3000000,0,-3000000
AWOL-72,3000000,0,-3000000
30 Nights Of Paranormal Activity With The Devil Inside The Girl With The Dragon Tattoo,3000000,0,-3000000
Enter the Dangerous Mind,3000000,0,-3000000
Something Wicked,3000000,0,-3000000
Point Blank,3000000,0,-3000000
Iguana,3000000,0,-3000000
Four Single Fathers,3000000,0,-3000000
Amnesiac,3000000,0,-3000000
Close Range,3000000,0,-3000000
Salvador,4500000,1500000,-3000000
The Country Bears,20000000,16988996,-3011004
Silent Hill,50000000,46982632,-3017368
Donnie Darko,4500000,1480006,-3019994
Take Shelter,4750000,1728953,-3021047
The 5th Wave,38000000,34912982,-3087018
Thomas and the Magic Railroad,19000000,15911332,-3088668
Salvando al Soldado Perez,4500000,1400726,-3099274
Shut In,10000000,6900335,-3099665
Antiviral,3100000,0,-3100000
Rang De Basanti,5300000,2197694,-3102306
Flatliners,20000000,16883115,-3116885
MirrorMask,4000000,864959,-3135041
Cedar Rapids,10000000,6861102,-3138898
Feast,3200000,56131,-3143869
Animal Kingdom,4200000,1044039,-3155961
A Lot Like Love,25000000,21835784,-3164216
The Collection,10000000,6810754,-3189246
Human Traffic,3300000,104257,-3195743
"I Love You, Beth Cooper",18000000,14800725,-3199275
The Barbarians,4000000,800000,-3200000
Wilson,5200000,2000000,-3200000
Casa de Areia,3750000,539285,-3210715
The Rage: Carrie 2,21000000,17760244,-3239756
Dreaming of Joseph Lees,3250000,7680,-3242320
Trolljegeren,3500000,253444,-3246556
Dear Frankie,4600000,1340891,-3259109
Men with Brooms,7500000,4239767,-3260233
Ira and Abby,3500000,221096,-3278904
Billy: The Early Years of Billy Graham,3600000,320896,-3279104
The Dead Girl,3300000,19875,-3280125
American History X,10000000,6719864,-3280136
Held Up,8000000,4714090,-3285910
A Civil Action,60000000,56709981,-3290019
The Opposite Sex,3300000,0,-3300000
Winnie the Pooh,30000000,26692846,-3307154
The Masked Saint,3500000,182695,-3317305
Colombiana,40000000,36665854,-3334146
Knockaround Guys,15000000,11660180,-3339820
Witless Protection,7500000,4151836,-3348164
Holy Motors,4000000,641054,-3358946
Carousel,3380000,0,-3380000
The Muse,15000000,11614954,-3385046
August,3400000,12636,-3387364
Winter Passing,3500000,107492,-3392508
The Signal,4000000,600896,-3399104
To Write Love On Her Arms,3400000,0,-3400000
From Hell,35000000,31598308,-3401692
D.E.B.S.,3500000,96793,-3403207
300: Rise of an Empire,110000000,106580051,-3419949
Dead Silence,20000000,16574590,-3425410
American Anthem,7000000,3571624,-3428376
He Got Game,25000000,21567853,-3432147
Poolhall Junkies,4000000,563711,-3436289
Four Lions,3750000,310007,-3439993
Lords of London,3440000,0,-3440000
The Boy in the Striped Pyjamas,12500000,9046156,-3453844
Time to Choose,3500000,29233,-3470767
Bulworth,30000000,26528684,-3471316
Surveillance,3500000,27349,-3472651
A Midnight Clear,5000000,1526697,-3473303
Taxman,3500000,9871,-3490129
House of Sand and Fog,16500000,13005485,-3494515
Tristram Shandy: A Cock and Bull Story,4750000,1253413,-3496587
Club Dread,8500000,5001655,-3498345
"Batman: The Dark Knight Returns, Part 2",3500000,0,-3500000
The Secret,3500000,0,-3500000
Dawn Patrol,3500000,0,-3500000
The Kick,3500000,0,-3500000
Wicked Blood,3500000,0,-3500000
In the Name of the King III,3500000,0,-3500000
The Betrayed,3500000,0,-3500000
2:13,3500000,0,-3500000
Teacher's Pet: The Movie,10000000,6491969,-3508031
Joy,60000000,56451232,-3548768
Adrift,35000000,31445011,-3554989
8MM,40000000,36443442,-3556558
Big Fish,70000000,66432867,-3567133
People Like Us,16000000,12431792,-3568208
UtÃ¸ya 22. juli,3600000,0,-3600000
The Loss of Sexual Innocence,4000000,399793,-3600207
Head Over Heels,14000000,10397365,-3602635
The Face of Love,4000000,385069,-3614931
Joe,4000000,373375,-3626625
Prison,4000000,354704,-3645296
The Commuter,40000000,36343858,-3656142
Unknown,3700000,26403,-3673597
The Spy Next Door,28000000,24307106,-3692894
Shooting Fish,4000000,302204,-3697796
Defendor,3750000,44462,-3705538
Adoration,4000000,294244,-3705756
Frankenweenie,39000000,35287788,-3712212
Psycho Beach Party,4000000,267972,-3732028
21 Grams,20000000,16248701,-3751299
Late Night,4000000,246305,-3753695
Down for Life,3800000,41914,-3758086
Kingsman: The Golden Circle,104000000,100234838,-3765162
The Phantom of the Opera,55000000,51225796,-3774204
The Good Heart,3800000,20930,-3779070
Major Dundee,3800000,14873,-3785127
Dumb and Dumberer: When Harry Met Lloyd,30000000,26214846,-3785154
Karakter,4500000,713413,-3786587
Hevi reissu,3800000,10153,-3789847
Shattered Glass,6000000,2207975,-3792025
Nannerl la soeur de Mozart,4500000,707885,-3792115
The Taking of Pelham One Two Three,3800000,0,-3800000
The Straight Story,10000000,6197866,-3802134
Cadillac Records,12000000,8195551,-3804449
Kari gurashi no Arietti,23000000,19192510,-3807490
The Big Tease,4000000,185577,-3814423
Muppets Most Wanted,55000000,51178893,-3821107
Videodrome,5952000,2120439,-3831561
Polina danser sa vie,4000000,165203,-3834797
Barney's Great Adventure,15000000,11156471,-3843529
Desert Dancer,4000000,155271,-3844729
"Guten Tag, Ramon",4000000,154356,-3845644
Mondays in the Sun,4000000,146402,-3853598
Manglehorn,4000000,132270,-3867730
Tau ming chong,4000000,129078,-3870922
Trust,4000000,120016,-3879984
Conspiracy Theory,80000000,76118990,-3881010
The Assassination of Richard Nixon,4600000,708776,-3891224
The Machinist,5000000,1082044,-3917956
The Wackness,6000000,2077046,-3922954
An Everlasting Piece,4000000,75078,-3924922
Among Giants,4000000,64359,-3935641
Light Sleeper,5000000,1050861,-3949139
The Rite,37000000,33047633,-3952367
Deuces Wild,10000000,6044618,-3955382
Hanging Up,40000000,36037909,-3962091
The Velocity of Gary,4000000,34145,-3965855
Stake Land,4000000,33245,-3966755
Novocaine,6000000,2025238,-3974762
Praia do Futuro,4000000,20620,-3979380
Sonny,4000000,17639,-3982361
The Last Time I Committed Suicide,4000000,12836,-3987164
13 Sins,4000000,9134,-3990866
Another Happy Day,4000000,9120,-3990880
Mallrats,6100000,2108367,-3991633
Inescapable,4000000,4327,-3995673
"Run, Fatboy, Run",10000000,6003262,-3996738
ParaNorman,60000000,56003051,-3996949
1776,4000000,0,-4000000
The Veil,4000000,0,-4000000
The Perfect Wave,4000000,0,-4000000
How to Fall in Love,4000000,0,-4000000
Chain of Command,4000000,0,-4000000
Replicas,4000000,0,-4000000
Purple Violets,4000000,0,-4000000
Hell's Angels,4000000,0,-4000000
Nothing,4000000,0,-4000000
The Loved Ones,4000000,0,-4000000
A Lonely Place to Die,4000000,0,-4000000
Geograf globus propil,4000000,0,-4000000
Heartbeeps,10000000,6000000,-4000000
Perfectos Desconocidos,4000000,0,-4000000
The Helpers,4000000,0,-4000000
Armored,20000000,15988876,-4011124
Only God Forgives,4800000,775849,-4024151
The Glass House,22000000,17951431,-4048569
The Sun is Also a Star,9000000,4950029,-4049971
Hodejegerne,5250000,1200010,-4049990
The Watcher,33000000,28946615,-4053385
Bright Star,8500000,4444637,-4055363
American Teen,5000000,942441,-4057559
Haywire,23000000,18942396,-4057604
Veer-Zaara,7000000,2938532,-4061468
Arbitrage,12000000,7919574,-4080426
Morgan,8000000,3915251,-4084749
Le nom des gens,4600000,514237,-4085763
Spun,4500000,410241,-4089759
George A. Romero's Survival of the Dead,4200000,101740,-4098260
The Alamo,12000000,7900000,-4100000
Paa,4300000,199228,-4100772
Snabba Cash,4300000,188870,-4111130
Alvin and the Chipmunks: The Road Chip,90000000,85886987,-4113013
Hamlet 2,9000000,4886216,-4113784
Atlas Shrugged: Who Is John Galt?,5000000,851690,-4148310
The Work and the Glory,7500000,3347647,-4152353
Wes Craven Presents: They,17000000,12840842,-4159158
Layer Cake,6500000,2339957,-4160043
Savage Grace,4600000,434417,-4165583
The Thirteenth Floor,16000000,11810854,-4189146
Ghost Rider,120000000,115802596,-4197404
The Kite Runner,20000000,15800078,-4199922
Cargo,4200000,0,-4200000
High School Musical,4200000,0,-4200000
Life During Wartime,4500000,281447,-4218553
Igby Goes Down,9000000,4777465,-4222535
The East,6500000,2274649,-4225351
Glitter,8500000,4273372,-4226628
New York Stories,15000000,10763469,-4236531
Anomalisa,8000000,3759286,-4240714
Blow Out,18000000,13747234,-4252766
Party Monster,5000000,742898,-4257102
Obsluhoval jsem anglickÃ©ho krÃ¡le,4900000,617228,-4282772
Rambo III,58000000,53715611,-4284389
Paparazzi,20000000,15712072,-4287928
Chinjeolhan geumjassi,4500000,211667,-4288333
Blackthorn,4500000,200558,-4299442
Mirrors,35000000,30691439,-4308561
Maggie,4500000,187112,-4312888
Lilja 4-ever,4500000,181655,-4318345
Red Riding Hood,42000000,37662162,-4337838
Anywhere But Here,23000000,18653615,-4346385
CachÃ©,8000000,3647381,-4352619
Anna,4357373,0,-4357373
Danny Collins,10000000,5637066,-4362934
After.Life,4500000,108596,-4391404
Airlift (2016),4400000,0,-4400000
R.L. Stine's Monsterville: The Cabinet of Souls,4400000,0,-4400000
Saint Ralph,5200000,795126,-4404874
Mean Machine,4500000,92723,-4407277
My Name is Khan,8470000,4046336,-4423664
Wonderland,5500000,1060512,-4439488
Fong juk,4500000,51957,-4448043
A Guy Thing,20000000,15543862,-4456138
The Cookout,16000000,11540112,-4459888
Driving Lessons,4700000,239962,-4460038
Spoken Word,4500000,32961,-4467039
Yeh Jawaani Hai Deewani,8300000,3827466,-4472534
The Sweeney,4500000,26345,-4473655
The Work and the Glory: American Zion,6500000,2025032,-4474968
De battre mon coeur s'est arrÃªtÃ©,5500000,1023424,-4476576
The Ten,5250000,769726,-4480274
Albert Nobbs,7500000,3014696,-4485304
Home Fries,15000000,10513979,-4486021
Falcon Rising,4500000,11774,-4488226
Haevnen,5500000,1008098,-4491902
Hansel & Gretel Get Baked,4500000,0,-4500000
Fugly,4500000,0,-4500000
Daisy Winters,4500000,0,-4500000
Zipper,4500000,0,-4500000
The Final Girls,4500000,0,-4500000
Lucky Number Slevin,27000000,22495466,-4504534
Here on Earth,15000000,10494147,-4505853
The Tailor of Panama,18000000,13491653,-4508347
Rescue Dawn,10000000,5490423,-4509577
The Greatest Story Ever Told,20000000,15473333,-4526667
Loser,20000000,15464026,-4535974
Sabrina,58000000,53458319,-4541681
The Oh in Ohio,5000000,418689,-4581311
Polytechnique,6000000,1418304,-4581696
Raise Your Voice,15000000,10411980,-4588020
Fun Size,14000000,9409538,-4590462
Bottle Rocket,5000000,407488,-4592512
Out of the Blue,4600000,728,-4599272
The Legend of the Lone Ranger,18000000,13400000,-4600000
Sydney White,16500000,11892415,-4607585
Irreversible,5400000,792200,-4607800
Ain't Them Bodies Saints,5000000,391611,-4608389
Gomorra,6200000,1579146,-4620854
Soul Kitchen,4900000,276901,-4623099
Labor Day,18000000,13371528,-4628472
Dum Maaro Dum,5200000,564489,-4635511
Underworld: Blood Wars,35000000,30353973,-4646027
Albino Alligator,5000000,353480,-4646520
Snow Flower and the Secret Fan,6000000,1348205,-4651795
Redbelt,7000000,2344847,-4655153
Jimi: All is By My Side,5000000,340911,-4659089
PCU,9000000,4333569,-4666431
Queen of the Damned,35000000,30307804,-4692196
Treading Water,4700000,0,-4700000
Without Men,4700000,0,-4700000
Swing Vote,21000000,16289867,-4710133
Rambo,47500000,42754105,-4745895
Black and White,10000000,5241315,-4758685
"Gandhi, My Father",5000000,240425,-4759575
Standard Operating Procedure,5000000,228830,-4771170
Tucker & Dale vs. Evil,5000000,223838,-4776162
Mandy,6000000,1214525,-4785475
Another Year,8000000,3205706,-4794294
The Awakening,4900000,95933,-4804067
To Rome with Love,21500000,16684352,-4815648
Bajrangi Bhaijaan,13000000,8178001,-4821999
Hulk,137000000,132177234,-4822766
A Dog of Flanders,7000000,2165637,-4834363
Jack and Jill,79000000,74158157,-4841843
No Looking Back,5000000,143273,-4856727
Cop Car,5000000,134552,-4865448
"Lovely, Still",5000000,127564,-4872436
Tycoon,5000000,121016,-4878984
All Hat,4900000,15198,-4884802
Le Havre,5500000,611709,-4888291
Desert Blue,5000000,99147,-4900853
Decoys,5000000,84733,-4915267
8 femmes,8000000,3076425,-4923575
Stuck,5000000,67505,-4932495
Redacted,5000000,65388,-4934612
Woo,13000000,8064972,-4935028
Auto Focus,7000000,2062066,-4937934
Rudderless,5000000,56001,-4943999
Twilight,20000000,15055091,-4944909
Evita,55000000,50047179,-4952821
The Business of Strangers,6000000,1030920,-4969080
Fascination,5000000,16670,-4983330
Collateral Beauty,36000000,31016021,-4983979
Wolf,70000000,65011757,-4988243
Grace,5000000,8297,-4991703
Area 51,5000000,7556,-4992444
Robinson Crusoe,13000000,8005586,-4994414
Io sono lâamore,10000000,5005465,-4994535
We Have Your Husband,5000000,0,-5000000
Mientras duermes,5000000,0,-5000000
The Cottage,5000000,0,-5000000
Dying of the Light,5000000,0,-5000000
Yoga Hosers,5000000,0,-5000000
Dead Like Me: Life After Death,5000000,0,-5000000
Farce of the Penguins,5000000,0,-5000000
Psych 9,5000000,0,-5000000
Capricorn One,5000000,0,-5000000
Henry & Me,5000000,0,-5000000
Born of War,5000000,0,-5000000
Running Forever,5000000,0,-5000000
The Hatching,5000000,0,-5000000
Let's Kill Ward's Wife,5000000,0,-5000000
Navy SEAL vs. Zombies,5000000,0,-5000000
Aztec Warrior,5000000,0,-5000000
Should've Been Romeo,5000000,0,-5000000
Reach Me,5000000,0,-5000000
Flying By,5000000,0,-5000000
Screwed,12000000,6982680,-5017320
The Jackal,60000000,54956941,-5043059
Standing Ovation,5600000,531806,-5068194
Brazil,15000000,9929135,-5070865
The One,49000000,43905746,-5094254
The Mighty Macs,7000000,1891936,-5108064
Serial Mom,13000000,7881335,-5118665
War for the Planet of the Apes,152000000,146880162,-5119838
Running With Scissors,12000000,6860000,-5140000
JÃ»san-nin no shikaku,6000000,802778,-5197222
La MÃ´me,15500000,10299782,-5200218
Somewhere,7000000,1785645,-5214355
Khiladi 786,5600000,385422,-5214578
Ghost Rider: Spirit of Vengeance,57000000,51774002,-5225998
Beastmaster 2: Through the Portal of Time,6000000,773490,-5226510
A Room for Romeo Brass,5250000,20097,-5229903
The Girl with all the Gifts,5250000,0,-5250000
Winter in Wartime,5800000,542860,-5257140
We Need to Talk About Kevin,7000000,1738692,-5261308
The Replacements,50000000,44737059,-5262941
Fortress,12000000,6730578,-5269422
The Negotiator,50000000,44705766,-5294234
Grabbers,5300000,0,-5300000
Mutiny on The Bounty,19000000,13680000,-5320000
Factory Girl,7000000,1661464,-5338536
The Dictator,65000000,59650222,-5349778
Little Man,64000000,58636047,-5363953
The Adventures of Elmo in Grouchland,17000000,11634458,-5365542
The Christmas Candle,7000000,1632000,-5368000
The Messenger,6500000,1109660,-5390340
Public Enemies,102500000,97104620,-5395380
Tao Jie,5400000,0,-5400000
Sultan,11000000,5599781,-5400219
The Dark Half,15000000,9579068,-5420932
Harvard Man,5500000,56653,-5443347
Flipper,25530000,20080020,-5449980
A Home at the End of the World,6500000,1029017,-5470983
Salvation Boulevard,5500000,28468,-5471532
R100,5500000,24956,-5475044
Harry Brown,7300000,1818681,-5481319
The Wild Bunch,6000000,509424,-5490576
Animals,5500000,0,-5500000
Miss Julie,5500000,0,-5500000
The Right Stuff,27000000,21500000,-5500000
The Prisoner of Zenda,12500000,7000000,-5500000
Cat People,12500000,7000000,-5500000
The Eagle,25000000,19490041,-5509959
Control,6400000,871577,-5528423
The Ultimate Gift,9000000,3438735,-5561265
Foolproof,5800000,230312,-5569688
I Hope They Serve Beer in Hell,7000000,1429299,-5570701
[Rec] 2,5600000,27766,-5572234
The Doors,40000000,34416893,-5583107
The 5th Quarter,6000000,408159,-5591841
Black Snake Moan,15000000,9396870,-5603130
The First Great Train Robbery,6000000,391942,-5608058
Shaun the Sheep,25000000,19375982,-5624018
Stiff Upper Lips,5700000,69582,-5630418
On the Line,10000000,4365455,-5634545
Dragonheart,57000000,51364680,-5635320
Capitalism: A Love Story,20000000,14363397,-5636603
"Six Days, Seven Nights",80000000,74339294,-5660706
The Inbetweeners,5700000,35955,-5664045
Valhalla Rising,5700000,30638,-5669362
Lockout,20000000,14326865,-5673135
Die Unendliche Geschichte,27000000,21300000,-5700000
Conviction,12500000,6797696,-5702304
Gotti,10000000,4286367,-5713633
Showdown in Little Tokyo,8000000,2275557,-5724443
"Jeff, Who Lives at Home",10000000,4269426,-5730574
Morvern Callar,6000000,267194,-5732806
Losin' It,7000000,1246141,-5753859
Dark Blue,15000000,9237470,-5762530
Superman IV: The Quest for Peace,17000000,11227824,-5772176
Trade of Innocents,5800000,15091,-5784909
Nanny McPhee and the Big Bang,35000000,29197642,-5802358
Disaster Movie,20000000,14190901,-5809099
The Flower of Evil,6000000,181798,-5818202
A Mighty Heart,15000000,9176787,-5823213
Beautiful,9000000,3134509,-5865491
Akmareul Boatda,6000000,129210,-5870790
AimÃ©e & Jaguar,6800000,927107,-5872893
Come Early Morning,6000000,119452,-5880548
The Greatest,6000000,115862,-5884138
Mother and Child,7000000,1110509,-5889491
The Runaways,9500000,3573673,-5926327
Denial,10000000,4073448,-5926552
Deadfall,6000000,66351,-5933649
Julia,6000000,65108,-5934892
Lucky Break,6000000,54606,-5945394
Atlantis: The Lost Empire,90000000,84052762,-5947238
The Damned United,6400000,449865,-5950135
"Surfer, Dude",6000000,36497,-5963503
28 Days,43000000,37035515,-5964485
Song One,6000000,32251,-5967749
The Transporter Refueled,22000000,16029670,-5970330
Lake of Fire,6000000,25317,-5974683
Don McKay,6000000,13722,-5986278
What's Your Number?,20000000,14011084,-5988916
White Boy Rick,30000000,24004833,-5995167
Freaky Deaky,6000000,0,-6000000
11:14,6000000,0,-6000000
A Shine of Rainbows,6000000,0,-6000000
Icarus,6000000,0,-6000000
March or Die,7000000,1000000,-6000000
Men of War,6000000,0,-6000000
The Hit List,6000000,0,-6000000
Virtuosity,30000000,23998226,-6001774
Gracie,9000000,2956339,-6043661
Brainstorm,15000000,8921050,-6078950
The Man Who Knew Infinity,10000000,3877922,-6122078
Shark Night 3D,25000000,18877153,-6122847
Queen of Katwe,15000000,8874389,-6125611
Mickey Blue Eyes,40000000,33864342,-6135658
Limbo,8300000,2160710,-6139290
Friend Request,9900000,3759078,-6140922
Jab Tak Hai Jaan,9200000,3047539,-6152461
The Neon Demon,7500000,1333124,-6166876
Max Steel,10000000,3818664,-6181336
Slackers,11000000,4814244,-6185756
Push,38000000,31811527,-6188473
The Man Who Knew Too Little,20000000,13801755,-6198245
Clay Pigeons,8000000,1793359,-6206641
Paycheck,60000000,53789313,-6210687
Percy Jackson & the Olympians: The Lightning Thief,95000000,88768303,-6231697
Whatever it Takes,15000000,8735529,-6264471
The Island,22000000,15716828,-6283172
Untraceable,35000000,28687835,-6312165
Crank 2: High Voltage,20000000,13684249,-6315751
For Greater Glory: The True Story of Cristiada,12000000,5669081,-6330919
Les Visiteurs,7000000,659000,-6341000
Burnt,20000000,13651946,-6348054
Melancholia,9400000,3030848,-6369152
The Borrowers,29000000,22619589,-6380411
CHiPS,25000000,18600152,-6399848
Boat Trip,15000000,8586376,-6413624
Aberdeen,6500000,64148,-6435852
Quills,13500000,7060876,-6439124
For Your Consideration,12000000,5549923,-6450077
Envy,20000000,13548322,-6451678
Freeheld,7000000,546201,-6453799
The Wind That Shakes the Barley,8300000,1829142,-6470858
"Remember Me, My Love",6700000,223878,-6476122
Dom Hemingway,7000000,523511,-6476489
Pay it Forward,40000000,33508922,-6491078
Tracker,6500000,0,-6500000
Hellboy II: The Golden Army,82500000,75986503,-6513497
Richard III,9200000,2684904,-6515096
Vertical Limit,75000000,68473360,-6526640
Ta Ra Rum Pum,7400000,872643,-6527357
Tropa de Elite,6537890,8744,-6529146
Lars and the Real Girl,12500000,5956480,-6543520
The Extra Man,7000000,453377,-6546623
The Sapphires,9000000,2450867,-6549133
Perrierâs Bounty,6600000,828,-6599172
Everybody Wants Some,10000000,3400278,-6599722
Last Holiday,45000000,38399961,-6600039
One Night with the King,20000000,13395961,-6604039
Bullets Over Broadway,20000000,13383747,-6616253
Hesher,7000000,382946,-6617054
The Importance of Being Earnest,15000000,8378141,-6621859
Ghost Town,20000000,13367624,-6632376
Bran Nue Dae,6750000,113568,-6636432
Crash,10000000,3357324,-6642676
One True Thing,30000000,23337196,-6662804
Atlas Shrugged: Part II,10000000,3336053,-6663947
Le passÃ©,8000000,1335672,-6664328
The Love Letter,15000000,8322608,-6677392
Predator 2,35000000,28317513,-6682487
Chairman of the Board,7000000,306715,-6693285
Dick,13000000,6276869,-6723131
Romeo Is Bleeding,10000000,3275585,-6724415
Gerry,7000000,254683,-6745317
The Chumscrubber,6800000,49526,-6750474
Wah-Wah,7000000,234750,-6765250
The Mothman Prophecies,42000000,35228696,-6771304
Shade,6800000,25032,-6774968
Spirit: Stallion of the Cimarron,80000000,73215310,-6784690
Sanctum,30000000,23209310,-6790690
The Heart of Me,7000000,196067,-6803933
The Limey,10000000,3193102,-6806898
Elle s'appelait Sarah,14500000,7691700,-6808300
Hearts in Atlantis,31000000,24185781,-6814219
The Blood of Heroes,7700000,882290,-6817710
Lean on Pete,8000000,1163056,-6836944
Two Lovers and a Bear,6840000,0,-6840000
Rosewater,10000000,3128941,-6871059
Vanity Fair,23000000,16123851,-6876149
Hoot,15000000,8117637,-6882363
Valkyrie,90000000,83107829,-6892171
Space Chimps,37000000,30105968,-6894032
Made in Dagenham,8000000,1095369,-6904631
Abduction,35000000,28087155,-6912845
Celebrity,12000000,5078660,-6921340
And When Did You Last See Your Father?,8000000,1071240,-6928760
The Gospel of John,11000000,4068087,-6931913
Tower Heist,85000000,78046570,-6953430
Ca$h,7000000,46488,-6953512
The House of Mirth,10000000,3041803,-6958197
Arthur,40000000,33035397,-6964603
War Dogs,50000000,43034523,-6965477
Masked and Anonymous,7500000,533344,-6966656
Trudno byt bogom,7000000,31443,-6968557
The Boondock Saints,7000000,30471,-6969529
Kubo and the Two Strings,55000000,48023088,-6976912
Greater,9000000,2000093,-6999907
Alpha & Omega: The Legend of the Saw Tooth Cave,7000000,0,-7000000
Malone,10000000,3000000,-7000000
Geroy,7000000,0,-7000000
Twixt,7000000,0,-7000000
Stargate - The Ark of Truth,7000000,0,-7000000
Z Storm,7000000,0,-7000000
The Kings of Appletown,7000000,0,-7000000
Oddball,7000000,0,-7000000
High School Musical 2,7000000,0,-7000000
55 Days at Peking,17000000,10000000,-7000000
Criminal Activities,7000000,0,-7000000
Snezhnaya koroleva,7000000,0,-7000000
The Quiet American,20000000,12987647,-7012353
Win a Date with Tad Hamilton!,24000000,16980098,-7019902
From Justin to Kelly,12000000,4922166,-7077834
Peaceful Warrior,10000000,2893666,-7106334
Invaders from Mars,12000000,4884663,-7115337
The Lost City,9600000,2484186,-7115814
Girl 6,12000000,4880941,-7119059
Light It Up,13000000,5871603,-7128397
Drillbit Taylor,40000000,32862104,-7137896
3,7200000,59774,-7140226
Namastey London,8400000,1207007,-7192993
In Bruges,15000000,7800825,-7199175
Punch-Drunk Love,25000000,17791031,-7208969
Eddie the Eagle,23000000,15789389,-7210611
Imagine Me & You,7900000,672243,-7227757
Vera Drake,11000000,3753806,-7246194
Die Welle,7250000,0,-7250000
Borg vs McEnroe,7500000,231346,-7268654
Jaws 4: The Revenge,23000000,15728335,-7271665
Eurotrip,25000000,17718223,-7281777
In the Cut,12000000,4717455,-7282545
Betty Fisher et autres histoires,7500000,206400,-7293600
El Chicano,8000000,700261,-7299739
Code 46,7500000,197148,-7302852
The Secret of Kells,8000000,690290,-7309710
Licence to Kill,42000000,34667015,-7332985
Triple 9,20000000,12639297,-7360703
The Border,13500000,6118683,-7381317
The Rover,8500000,1109199,-7390801
The Aviator,110000000,102608827,-7391173
Promised Land,15000000,7597898,-7402102
Prefontaine,8000000,590817,-7409183
The Wicked Lady,8000000,589308,-7410692
Beverly Hills Cop III,50000000,42586861,-7413139
Down in the Valley,8000000,568932,-7431068
Slither,15250000,7802450,-7447550
Lost and Found,14000000,6552255,-7447745
The Light Between Oceans,20000000,12545979,-7454021
Destroyer,9000000,1533324,-7466676
Trust the Man,9000000,1530535,-7469465
My Super Ex-Girlfriend,30000000,22530295,-7469705
Bucky Larson: Born to Be a Star,10000000,2529395,-7470605
Kabhi Alvida Naa Kehna,10750000,3275443,-7474557
Getaway,18000000,10501938,-7498062
Father Figures,25000000,17501244,-7498756
Outside Bet,7500000,0,-7500000
The Hole,7500000,0,-7500000
Black November,7500000,0,-7500000
Pound of Flesh,7500000,0,-7500000
Kites,9200000,1685269,-7514731
The Weather Man,20000000,12482775,-7517225
Brooklyn Rules,8000000,458232,-7541768
The Ruins,25000000,17432844,-7567156
Meteor,16000000,8400000,-7600000
Undisputed,20000000,12398628,-7601372
Brick Mansions,28000000,20396829,-7603171
The Singing Detective,8000000,336456,-7663544
Underworld: Awakening,70000000,62321039,-7678961
Loin des hommes,7700000,5336,-7694664
Muppets From Space,24000000,16304786,-7695214
Fido,8000000,298110,-7701890
Josie and the Pussycats,22000000,14252830,-7747170
London Fields,8000000,252676,-7747324
12 Rounds,20000000,12234694,-7765306
Mulholland Drive,15000000,7219578,-7780422
Domestic Disturbance,53000000,45207112,-7792888
The City of Your Final Destination,8300000,493296,-7806704
Bamboozled,10000000,2185266,-7814734
Fear and Loathing in Las Vegas,18500000,10680275,-7819725
Restless,8000000,163753,-7836247
The Land Girls,8000000,146083,-7853917
Let Me In,20000000,12134935,-7865065
The Wendell Baker Story,8000000,127188,-7872812
The Hateful Eight,62000000,54117416,-7882584
Wild Target,8000000,109338,-7890662
Pathology,8000000,109045,-7890955
Flash Gordon,35000000,27107960,-7892040
Wuthering Heights,8000000,100915,-7899085
A Street Cat Named Bob,8000000,82703,-7917297
Undiscovered,9000000,1069318,-7930682
10th & Wolf,8000000,54702,-7945298
Velvet Goldmine,9000000,1053788,-7946212
Aloft,8000000,53086,-7946914
The Guru,11000000,3051221,-7948779
Fireflies in the Garden,8000000,36884,-7963116
Dear Wendy,8000000,23106,-7976894
Akira,8000000,19585,-7980415
The Cat in the Hat,109000000,101018283,-7981717
Bubble Boy,13000000,5002310,-7997690
Der Untergang,13500000,5501940,-7998060
Burn Your Maps,8000000,0,-8000000
Sphinx,10000000,2000000,-8000000
Christmas in Beverly Hills,8000000,0,-8000000
Code of Honor,8000000,0,-8000000
Henry Joseph Church,8000000,0,-8000000
Green Street Hooligans: Underground,8000000,0,-8000000
Maurice Richard,8000000,0,-8000000
Backstabbing For Beginners,8000000,0,-8000000
The Death and Life of Bobby Z,8000000,0,-8000000
"Don Gato, el inicio de la pandilla",8000000,0,-8000000
Feichang Xingyun,8000000,0,-8000000
Welcome to Dongmakgol,8000000,0,-8000000
Swelter,8000000,0,-8000000
Le Scaphandre et le Papillon,14000000,5990075,-8009925
The Counselor,25000000,16973715,-8026285
Charlie Bartlett,12000000,3950294,-8049706
The World is Not Enough,135000000,126930660,-8069340
The Iceman,10000000,1930282,-8069718
Birthday Girl,13000000,4919896,-8080104
The Campaign,95000000,86907746,-8092254
16 Blocks,45000000,36895141,-8104859
Patriots Day,40000000,31886361,-8113639
Princess Kaiulani,9000000,883887,-8116113
Red Tails,58000000,49876377,-8123623
Solitary Man,12500000,4360548,-8139452
Ballerina,30000000,21858070,-8141930
"Paris, je t'aime",13000000,4857374,-8142626
Extremely Loud and Incredibly Close,40000000,31847881,-8152119
Othello,11000000,2844379,-8155621
The Shadow,40000000,31835600,-8164400
Testament of Youth,10000000,1822250,-8177750
Mr. 3000,30000000,21800302,-8199698
Free Fire,10000000,1799322,-8200678
Silmido,8500000,298347,-8201653
The Perez Family,11000000,2794056,-8205944
A Better Life,10000000,1759252,-8240748
Hit & Run,22000000,13749300,-8250700
3 Ninjas Kick Back,20000000,11744960,-8255040
Transporter 3,40000000,31715062,-8284938
Hotel Artemis,15000000,6708137,-8291863
Kurtlar vadisi - Irak,8300000,0,-8300000
My Life in Ruins,17000000,8677425,-8322575
Charlie Wilson's War,75000000,66661095,-8338905
Dancer in the Dark,12500000,4157491,-8342509
Unaccompanied Minors,25000000,16655224,-8344776
Spider,10000000,1641788,-8358212
Repo! The Genetic Opera,8500000,140244,-8359756
Superhero Movie,35000000,26638520,-8361480
Gun Shy,10000000,1638202,-8361798
Blast from the Past,35000000,26613620,-8386380
Nicholas Nickleby,10000000,1562800,-8437200
The Little Vampire,22000000,13555988,-8444012
Posledniy bogatyr,8500000,0,-8500000
A.C.O.R.N.S.: Operation Crackdown,8500000,0,-8500000
Gremlins 2: The New Batch,50000000,41476097,-8523903
The Joneses,10000000,1475746,-8524254
Mary Queen of Scots,25000000,16468499,-8531501
Little Children,14000000,5463019,-8536981
The Legend of Suriyothai,9000000,454255,-8545745
Cars 2,200000000,191450875,-8549125
Krrish,10000000,1430721,-8569279
The Rocker,15000000,6409528,-8590472
Post Grad,15000000,6382178,-8617822
Sgt. Bilko,39000000,30356589,-8643411
Due occhi diabolici,9000000,349618,-8650382
Killer Joe,10000000,1291645,-8708355
Churchill,10000000,1279681,-8720319
Polisse,8900000,176988,-8723012
Cecil B. Demented,10000000,1276984,-8723016
The Peacemaker,50000000,41263140,-8736860
Dheepan,9000000,248795,-8751205
The Blue Butterfly,10400000,1610194,-8789806
La fille du RER,9000000,208163,-8791837
The Molly Maguires,11000000,2200000,-8800000
The I Inside,8800000,0,-8800000
All or Nothing,9000000,184255,-8815745
Be Kind Rewind,20000000,11175164,-8824836
Heist,8900000,50136,-8849864
Two Lovers,12000000,3149034,-8850966
Red Riding: The Year of Our Lord 1974,9000000,148826,-8851174
The Next Three Days,30000000,21148651,-8851349
Flammen og Citronen,9000000,148089,-8851911
"Bright Lights, Big City",25000000,16118077,-8881923
Gossip,14000000,5108820,-8891180
Ultramarines,8900000,0,-8900000
Housefull,10100000,1183658,-8916342
Out of Time,50000000,41083108,-8916892
Leaves of Grass,9000000,70066,-8929934
50 to 1,10000000,1069454,-8930546
Sen to Chihiro no Kamikakushi,19000000,10049886,-8950114
Up Close & Personal,60000000,51045801,-8954199
Mrs. Henderson Presents,20000000,11036366,-8963634
Opal Dream,9000000,14443,-8985557
Morning Glory,40000000,31011732,-8988268
Owning Mahowny,10000000,1011054,-8988946
Skin Trade,9000000,1242,-8998758
Return to the Blue Lagoon,11000000,2000000,-9000000
A Haunting in Connecticut 2: The Ghosts of Georgia,9000000,0,-9000000
Veronika Decides to Die,9000000,0,-9000000
Barbarella,9000000,0,-9000000
Beneath Hill 60,9000000,0,-9000000
Get Rich or Die Tryin',40000000,30981850,-9018150
September Dawn,10100000,1066555,-9033445
The Ten Commandments,10000000,952820,-9047180
The Brothers Solomon,10000000,900926,-9099074
Red Dog,9100000,0,-9100000
Mine Vaganti,9100000,0,-9100000
Alex Cross,35000000,25888412,-9111588
La grande bellezza,12000000,2883879,-9116121
The Tale of Despereaux,60000000,50877145,-9122855
Proud Mary,30000000,20868638,-9131362
My Blueberry Nights,10000000,866778,-9133222
The Boxtrolls,60000000,50837305,-9162695
Illuminata,10000000,836641,-9163359
I Heart Huckabees,22000000,12784713,-9215287
Coriolanus,10000000,749641,-9250359
A Walk on the Moon,14000000,4741987,-9258013
Ben is Back,13000000,3703182,-9296818
Suffragette,14000000,4702420,-9297580
The Dark Tower,60000000,50701325,-9298675
Eyes Wide Shut,65000000,55691208,-9308792
Deconstructing Harry,20000000,10686841,-9313159
Jarhead,72000000,62647540,-9352460
Parkland,10000000,641439,-9358561
The Indian in the Cupboard,45000000,35627222,-9372778
Gentlemen Broncos,9500000,115155,-9384845
Swept Away,10000000,598645,-9401355
The Tuxedo,60000000,50586000,-9414000
"War, Inc.",10000000,580862,-9419138
Jack Ryan: Shadow Recruit,60000000,50577412,-9422588
Three to Tango,20000000,10570375,-9429625
Half Past Dead,25000000,15567860,-9432140
Gunless,9900000,458054,-9441946
We're No Angels,20000000,10555348,-9444652
The Incredible Burt Wonderstone,32000000,22537881,-9462119
Original Sin,26000000,16521410,-9478590
Legend,25000000,15502112,-9497888
A Man Apart,36000000,26500000,-9500000
Re-Kill,9500000,0,-9500000
Shaolin Soccer,10000000,488872,-9511128
Lethal Weapon 4,140000000,130444603,-9555397
Casino,52000000,42438300,-9561700
Little Black Book,30000000,20422207,-9577793
Sorcerer,21600000,12000000,-9600000
The Adventures of Pinocchio,25000000,15382170,-9617830
The Brown Bunny,10000000,366301,-9633699
The Greatest Game Ever Played,25000000,15331289,-9668711
Last Orders,12000000,2326407,-9673593
Just Like Heaven,58000000,48318130,-9681870
American Dreamz,17000000,7314027,-9685973
Whatever Works,15000000,5306706,-9693294
Catch a Fire,14000000,4299773,-9700227
King of California,10000000,268461,-9731539
Jersey Girl,35000000,25266129,-9733871
Rien ne va plus,10000000,245359,-9754641
La femme de chambre du Titanic,10000000,244465,-9755535
Imaginary Heroes,10000000,228524,-9771476
High Heels and Low Lifes,10000000,226792,-9773208
World's Greatest Dad,10000000,221805,-9778195
The In Crowd,15000000,5217498,-9782502
Walking Tall,56000000,46213824,-9786176
Bridget Jones: The Edge Of Reason,50000000,40203020,-9796980
Long Shot,40000000,30202860,-9797140
Gwoemul,12000000,2201923,-9798077
The Art of War,40000000,30199105,-9800895
"Cinco de Mayo, La Batalla",10000000,173472,-9826528
Resurrecting the Champ,13000000,3172382,-9827618
Welcome to the Rileys,10000000,152857,-9847143
Kicks,10000000,150191,-9849809
Free Style,10000000,141108,-9858892
High School,10000000,139034,-9860966
Severance,10000000,137221,-9862779
Edmond,10000000,131719,-9868281
Joheunnom nabbeunnom isanghannom,10000000,128486,-9871514
Police Academy 7: Mission to Moscow,10000000,126247,-9873753
The Dressmaker,11900000,2022115,-9877885
Blood Done Sign My Name,10000000,109383,-9890617
The Pursuit of D.B. Cooper,12000000,2104164,-9895836
The Good Guy,10000000,100688,-9899312
Motherhood,10000000,93388,-9906612
Midnight in the Garden of Good and Evil,35000000,25078937,-9921063
Chloe,13000000,3075255,-9924745
How She Move,17000000,7070641,-9929359
Eulogy,10000000,70527,-9929473
Elsa & Fred,10000000,67657,-9932343
Ravenous,12000000,2062406,-9937594
The Widow of St. Pierre,13000000,3058380,-9941620
The Box,25000000,15051977,-9948023
An Alan Smithee Film: Burn Hollywood Burn,10000000,45779,-9954221
Assault On Precinct 13,30000000,20040895,-9959105
The Ice Storm,18000000,8038061,-9961939
Los tres entierros de Melquiades Estrada,15000000,5027684,-9972316
Under Siege 2: Dark Territory,60000000,50024083,-9975917
The Open Road,10000000,19716,-9980284
The Crew,23000000,13019253,-9980747
Strangerland,10000000,17472,-9982528
Passengers,110000000,100014699,-9985301
Hross i oss,10000000,11894,-9988106
Notes on a Scandal,27500000,17510118,-9989882
Janky Promoters,10000000,9069,-9990931
The Raven,26000000,16008272,-9991728
Blonde Ambition,10000000,6422,-9993578
The Oxford Murders,10000000,4803,-9995197
Barbecue,10000000,388,-9999612
It's a Wonderful Afterlife,10000000,0,-10000000
Plastic,10000000,0,-10000000
Jungle Shuffle,10000000,0,-10000000
Into the Grizzly Maze,10000000,0,-10000000
Nurse 3D,10000000,0,-10000000
You Got Served: Beat The World,10000000,0,-10000000
Detention,10000000,0,-10000000
Partition,10000000,0,-10000000
Good Intentions,10000000,0,-10000000
The Devil's Tomb,10000000,0,-10000000
Fifty Dead Men Walking,10000000,0,-10000000
Adam Resurrected,10000000,0,-10000000
American Heist,10000000,0,-10000000
The Reef,10000000,0,-10000000
White Noise 2: The Light,10000000,0,-10000000
The Next Best Thing,25000000,14983572,-10016428
"Roman J. Israel, Esq.",22000000,11962712,-10037288
Mr. Turner,14000000,3958546,-10041454
Jakob the Liar,15000000,4956401,-10043599
Highlander,16000000,5900000,-10100000
Bedazzled,48000000,37879996,-10120004
Running Scared,17000000,6855137,-10144863
Grudge Match,40000000,29807260,-10192740
Marvin's Room,23000000,12803305,-10196695
"10,000 B.C.",105000000,94784201,-10215799
The Dangerous Lives of Altar Boys,12000000,1779284,-10220716
The Beach,50000000,39778599,-10221401
Swordfish,80000000,69772969,-10227031
This Means War,65000000,54760791,-10239209
My Soul to Take,25000000,14744435,-10255565
Being Julia,18000000,7739049,-10260951
Everyone Says I Love You,20000000,9725847,-10274153
Youth,13000000,2703296,-10296704
Stoker,12000000,1703125,-10296875
PMC: deo beong-keo,10300000,0,-10300000
The Young Messiah,16800000,6469813,-10330187
There Goes My Baby,10500000,125169,-10374831
Frost/Nixon,29000000,18622031,-10377969
Fantasia 2000 (Theatrical Release),80000000,69610858,-10389142
Se jie,15000000,4604982,-10395018
Jindabyne,10800000,399879,-10400121
The Girl Next Door,25000000,14589444,-10410556
Out of Sight,48000000,37562568,-10437432
Romance and Cigarettes,11000000,551002,-10448998
Fly Me To the Moon,25000000,14543943,-10456057
Casino Jack,12500000,2039869,-10460131
Death Sentence,20000000,9534258,-10465742
Black Nativity,17500000,7018188,-10481812
PokÃ©mon: Detective Pikachu,150000000,139507806,-10492194
Married Life,12000000,1506998,-10493002
Popstar: Never Stop Never Stopping,20000000,9496130,-10503870
Thank You for Your Service,20000000,9479390,-10520610
2046,12000000,1442338,-10557662
The Last Days on Mars,10600000,24084,-10575916
Sex Drive,19000000,8402485,-10597515
Bless the Child,40000000,29374178,-10625822
Copying Beethoven,11000000,355968,-10644032
Out of the Furnace,22000000,11330849,-10669151
Just My Luck,28000000,17326650,-10673350
The Big Wedding,32500000,21819348,-10680652
Runner Runner,30000000,19316646,-10683354
Under the Skin,13300000,2614251,-10685749
The Emperor's New Groove,100000000,89296573,-10703427
Hidalgo,78000000,67286731,-10713269
The Lego Ninjago Movie,70000000,59281555,-10718445
The Matrix Revolutions,150000000,139270910,-10729090
"Kiss Kiss, Bang Bang",15000000,4235837,-10764163
Brighton Rock,11000000,229653,-10770347
Everybody's Fine,20000000,9208876,-10791124
Troop Beverly Hills,18000000,7190505,-10809495
Chasing Liberty,23000000,12189514,-10810486
Kill the Irishman,12000000,1188194,-10811806
The Adventures of Sharkboy and Lavagirl in 3-D,50000000,39177684,-10822316
Bridget Jonesâs Baby,35000000,24139805,-10860195
Firestorm,19000000,8123860,-10876140
Lost In Space,80000000,69117629,-10882371
Oscar and Lucinda,12500000,1612957,-10887043
Superbabies: Baby Geniuses 2,20000000,9109322,-10890678
Faithful,13000000,2104439,-10895561
Maximum Risk,25000000,14102929,-10897071
Soul Survivors,14000000,3100650,-10899350
Un ProphÃ¨te,13000000,2087720,-10912280
Bleed for This,16000000,5083906,-10916094
Rent,40000000,29077547,-10922453
Life,75000000,64062587,-10937413
Le prÃ©nom,11000000,61611,-10938389
"I Love You, Phillip Morris",13000000,2037459,-10962541
The Replacement Killers,30000000,19035741,-10964259
Idle Hands,15000000,4023741,-10976259
Red Sonja,17900000,6905861,-10994139
LOL,11000000,0,-11000000
La famille BÃ©lier,11000000,0,-11000000
Misconduct,11000000,0,-11000000
Eli,11000000,0,-11000000
Baahubali 2: The Conclusion,30000000,18985794,-11014206
Stealing Harvard,25000000,13973532,-11026468
Rush,38000000,26947624,-11052376
Hot Rod,25000000,13938332,-11061668
Battle of the Year,20000000,8888355,-11111645
Duma,12000000,870067,-11129933
Focus,65000000,53862963,-11137037
Hollywood Ending,16000000,4839383,-11160617
Ratchet and Clank,20000000,8813410,-11186590
Darling Companion,12000000,793352,-11206648
Mar adentro,13300000,2086345,-11213655
The Vatican Tapes,13000000,1784763,-11215237
The Green Hornet,110000000,98780042,-11219958
Lost Souls,28000000,16779636,-11220364
Pixels,90000000,78765986,-11234014
Nine 1/2 Weeks,18000000,6734844,-11265156
Duets,16000000,4734235,-11265765
The Funeral,12500000,1212799,-11287201
Scouts Guide to the Zombie Apocalypse,15000000,3703046,-11296954
RoboCop 3,22000000,10696210,-11303790
The Painted Veil,19400000,8060487,-11339513
Warrior,25000000,13657115,-11342885
Easy Virtue,14000000,2656784,-11343216
The Last Station,18000000,6617867,-11382133
Artificial Intelligence: AI,90000000,78616689,-11383311
St. Trinianâs,11400000,15000,-11385000
Tae Guik Gi: The Brotherhood of War,12500000,1110186,-11389814
On Deadly Ground,50000000,38590458,-11409542
The Perfect Game,12500000,1089445,-11410555
Death at a Funeral,20000000,8580428,-11419572
Holmes & Watson,42000000,30568743,-11431257
Ondine,12000000,550472,-11449528
The Out-of-Towners,40000000,28544120,-11455880
Blood and Chocolate,15000000,3526588,-11473412
Ultraviolet,30000000,18522064,-11477936
The Longshots,23000000,11511323,-11488677
The Cry of the Owl,11500000,0,-11500000
Heist,35000000,23483357,-11516643
Miss Congeniality 2: Armed and Fabulous,60000000,48478006,-11521994
Rango,135000000,123477607,-11522393
Welcome to Mooseport,26000000,14469428,-11530572
The League of Extraordinary Gentlemen,78000000,66465204,-11534796
Jefferson in Paris,14000000,2461628,-11538372
Away We Go,21000000,9451946,-11548054
Brother,12000000,450594,-11549406
Welcome to Collinwood,12000000,378650,-11621350
Ready to Rumble,24000000,12372410,-11627590
The Nut Job 2: Nutty by Nature,40000000,28370522,-11629478
Hoffa,35000000,23365858,-11634142
The Man,20000000,8330720,-11669280
North Country,30000000,18324242,-11675758
Operation Chromite,12700000,1022720,-11677280
Salt,130000000,118311368,-11688632
Life Before Her Eyes,12000000,303439,-11696561
Fright Night,30000000,18298649,-11701351
You Will Meet a Tall Dark Stranger,15000000,3247816,-11752184
Critical Care,12000000,220175,-11779825
Detroit Rock City,16000000,4217115,-11782885
Trade,12000000,214202,-11785798
The Bourne Legacy,125000000,113203870,-11796130
Fateless,12000000,196857,-11803143
San qiang pai an jing qi,12000000,190946,-11809054
Diamonds,11900000,81897,-11818103
Breakfast of Champions,12000000,178287,-11821713
The Paperboy,12500000,677200,-11822800
Find Me Guilty,13000000,1173673,-11826327
Nocturnal Animals,22500000,10663357,-11836643
Excessive Force,13000000,1152117,-11847883
Infamous,13000000,1151330,-11848670
Madadayo,11900000,48856,-11851144
Company Man,12000000,146028,-11853972
Code Name: The Cleaner,20000000,8135024,-11864976
Ninja Assassin,50000000,38122883,-11877117
Nanjing! Nanjing!,12000000,122558,-11877442
Inherent Vice,20000000,8110975,-11889025
Whiskey Tango Foxtrot,35000000,23083334,-11916666
Connie & Carla,20000000,8047525,-11952475
Angela's Ashes,25000000,13038660,-11961340
Attack the Block,13000000,1024175,-11975825
Rock the Kasbah,15000000,3020665,-11979335
Trash,12000000,17484,-11982516
5 Days of War,12000000,17479,-11982521
Seed of Chucky,29000000,17016190,-11983810
10 Days in a Madhouse,12000000,14616,-11985384
Machete Kills,20000000,8008161,-11991839
Home,12000000,0,-12000000
Sweet Charity,20000000,8000000,-12000000
Dancin' It's On,12000000,0,-12000000
Drive Hard,12000000,0,-12000000
Supesu Batorushippu Yamato,12000000,0,-12000000
Triangle,12000000,0,-12000000
Dragonslayer,18000000,6000000,-12000000
Tu Xia Chuan Qi,12000000,0,-12000000
San cheng ji,12000000,0,-12000000
1612,12000000,0,-12000000
The Apparition,17000000,4936819,-12063181
Serving Sara,29000000,16930185,-12069815
Take Me Home Tonight,19000000,6928068,-12071932
Ella Enchanted,35000000,22913677,-12086323
Vice,60000000,47836282,-12163718
Ed Wood,18000000,5828466,-12171534
Dudley Do-Right,22000000,9818792,-12181208
mother!,30000000,17800004,-12199996
Alien: Resurrection,60000000,47795018,-12204982
Ernest et Celestine,12500000,292562,-12207438
Steve Jobs,30000000,17766658,-12233342
Flipped,14000000,1755212,-12244788
Highlander: The Final Dimension,26000000,13738574,-12261426
Mongol,18000000,5705761,-12294239
RocknRolla,18000000,5700626,-12299374
Ne le dis Ã personne,18500000,6198883,-12301117
Ready Player One,150000000,137690172,-12309828
The Island of Dr. Moreau,40000000,27682712,-12317288
Megaforce,18000000,5675599,-12324401
The End of the Affair,23000000,10660147,-12339853
Brothers,13000000,656688,-12343312
Battle of the Sexes,25000000,12638526,-12361474
The Claim,13000000,622023,-12377977
Doogal,20000000,7578946,-12421054
Proof,20000000,7535331,-12464669
Cirque du Soleil: Worlds Away,25000000,12512862,-12487138
A Little Bit of Heaven,12500000,10011,-12489989
Raising Helen,50000000,37485528,-12514472
Hitman: Agent 47,35000000,22467450,-12532550
Dark City,27000000,14435076,-12564924
Never Let Me Go,15000000,2434652,-12565348
The Disappointments Room,15000000,2423467,-12576533
Blade: Trinity,65000000,52397389,-12602611
Reindeer Games,36000000,23360779,-12639221
In The Land of Blood and Honey,13000000,303877,-12696123
Things We Lost in the Fire,16000000,3287315,-12712685
The Company,15000000,2281585,-12718415
Eight Legged Freaks,30000000,17266505,-12733495
The 33,25000000,12227722,-12772278
The Killer Inside Me,13000000,217277,-12782723
Charlie St. Cloud,44000000,31206263,-12793737
Transsiberian,15000000,2203641,-12796359
Fled,30000000,17192205,-12807795
The Caveman's Valentine,13500000,687081,-12812919
The Musketeer,40000000,27053815,-12946185
An American Carol,20000000,7013191,-12986809
Splice,30000000,17010170,-12989830
Confessions of a Dangerous Mind,29000000,16007718,-12992282
Cellular,45000000,32003620,-12996380
Shooter,60000000,47003582,-12996418
Womb,13000000,0,-13000000
Caravans,14000000,1000000,-13000000
Rogue City,13000000,0,-13000000
Crazy in Alabama,15000000,1954202,-13045798
The Clan of the Cave Bear,15000000,1953732,-13046268
88 Minutes,30000000,16930884,-13069116
Willard,20000000,6882696,-13117304
Practical Magic,60000000,46850558,-13149442
The Duchess,27000000,13848978,-13151022
Resident Evil: The Final Chapter,40000000,26844692,-13155308
The Other Boleyn Girl,40000000,26814957,-13185043
Mao's Last Dancer,18000000,4806750,-13193250
The Last Godfather,13400000,164247,-13235753
Night at the Museum: Secret of the Tomb,127000000,113746621,-13253379
The Internship,58000000,44672764,-13327236
The Comedian,15000000,1658706,-13341294
The Darkest Hour,34800000,21443494,-13356506
The Mechanic,42500000,29121498,-13378502
Ronin,55000000,41610884,-13389116
Lifeforce,25000000,11603545,-13396455
Strange Wilderness,20000000,6575282,-13424718
Unstoppable,95000000,81562942,-13437058
The Quick and the Dead,32000000,18552460,-13447540
The Conspirator,25000000,11538204,-13461796
Serenity,39000000,25514517,-13485483
Hamlet,18000000,4501094,-13498906
Little Boy,20000000,6485961,-13514039
American Ultra,28000000,14439985,-13560015
The Railway Man,18000000,4438438,-13561562
The Homesman,16000000,2429989,-13570011
The Powerpuff Girls,25000000,11411644,-13588356
X-Men: First Class,160000000,146408305,-13591695
Les herbes folles,14000000,403952,-13596048
The Whole Ten Yards,30000000,16323969,-13676031
Trance,16000000,2322593,-13677407
Won't Back Down,19000000,5310554,-13689446
Ca$h,13700000,0,-13700000
Howard the Duck,30000000,16295774,-13704226
Funny Games,15000000,1294640,-13705360
Self/Less,26000000,12279691,-13720309
Amen,14000000,274299,-13725701
The Lords of Dogtown,25000000,11273517,-13726483
The Lucky Ones,14000000,266967,-13733033
Case 39,27000000,13261851,-13738149
The Nice Guys,50000000,36261763,-13738237
Topsy Turvy,20000000,6201757,-13798243
Banlieue 13,15000000,1200216,-13799784
Ararat,15500000,1693000,-13807000
Restoration,18000000,4100000,-13900000
Big Trouble in Little China,25000000,11100000,-13900000
Michael Collins,25000000,11092559,-13907441
Action Point,19000000,5059608,-13940392
Margaret,14000000,47185,-13952815
Angel Eyes,38000000,24044532,-13955468
The Immigrant,16000000,2013456,-13986544
Chasing Mavericks,20000000,6002756,-13997244
Gangster Squad,60000000,46000903,-13999097
Reign of Assassins,14000000,0,-14000000
Stan Helsing: A Parody,14000000,0,-14000000
Dracula Untold,70000000,55991880,-14008120
The X-Files: I Want to Believe,35000000,20982478,-14017522
The Manchurian Candidate,80000000,65948711,-14051289
Stop-Loss,25000000,10915744,-14084256
Manderlay,14200000,74205,-14125795
Laws of Attraction,32000000,17848322,-14151678
Bad Times at the El Royale,32000000,17839115,-14160885
The Honeymooners,27000000,12834849,-14165151
Moonlight Mile,21000000,6830957,-14169043
Felicia's Journey,15000000,824295,-14175705
The Haunted Mansion,90000000,75817994,-14182006
Going the Distance,32000000,17804299,-14195701
The Fall of the Roman Empire,19000000,4750000,-14250000
A Most Violent Year,20000000,5749134,-14250866
Pride and Glory,30000000,15740721,-14259279
Slow Burn,15500000,1237615,-14262385
Gettysburg,25000000,10731997,-14268003
Left Behind,18500000,4221341,-14278659
Abandon,25000000,10719367,-14280633
Midnight Special,18000000,3712282,-14287718
A Dangerous Method,20000000,5702083,-14297917
Bobby Jones: Stroke of Genius,17000000,2694071,-14305929
Steel,16000000,1686429,-14313571
Metropolis,15000000,673414,-14326586
The White Countess,16000000,1669971,-14330029
I Don't Know How She Does It,24000000,9659074,-14340926
CÃ¬kÃ¨ NiÃ¨ YinniÃ¡ng,15000000,632542,-14367458
The House,40000000,25584504,-14415496
Things to Do in Denver when You're Dead,15000000,529766,-14470234
The Reluctant Fundamentalist,15000000,528731,-14471269
The Return,15000000,501752,-14498248
A Scanner Darkly,20000000,5501616,-14498384
Miss Sloane,18000000,3500605,-14499395
Freedom,14500000,0,-14500000
Bienvenue chez les Ch'tis,16000000,1477650,-14522350
Magnolia,37000000,22450975,-14549025
Metallica Through the Never,18000000,3419967,-14580033
Chicken Little,150000000,135386665,-14613335
Buffalo Soldiers,15000000,353743,-14646257
Straw Dogs,25000000,10324441,-14675559
Shanghai Surprise,17000000,2315000,-14685000
Sweet November,40000000,25288103,-14711897
Premium Rush,35000000,20275446,-14724554
The Change-Up,52000000,37243418,-14756582
L'illusionniste,17000000,2231474,-14768526
Steal (Canadian Release),15000000,220944,-14779056
Bandslam,20000000,5210988,-14789012
Anything Else,18000000,3203044,-14796956
For Love of the Game,50000000,35188640,-14811360
Alone in the Dark,20000000,5178569,-14821431
Snow White and the Huntsman,170000000,155136755,-14863245
The Reaping,40000000,25126214,-14873786
Centurion,15000000,123570,-14876430
Brokedown Palace,25000000,10115014,-14884986
Roar,17000000,2110050,-14889950
Possession,25000000,10103647,-14896353
Ong-Bak 2,15000000,102458,-14897542
Silent Trigger,15000000,76382,-14923618
Midnight Meat Train,15000000,73548,-14926452
Winnie Mandela,15000000,61847,-14938153
Mrs. Winterbourne,25000000,10039566,-14960434
The Son of No One,15000000,30680,-14969320
The Expendables 2,100000000,85028192,-14971808
All the Queen's Men,15000000,22723,-14977277
The Good Night,15000000,22441,-14977559
Smurfs: The Lost Village,60000000,45020282,-14979718
Madison,15500000,517262,-14982738
The Guardian,70000000,55011732,-14988268
Earth,47000000,32011576,-14988424
The Cave,30000000,15007991,-14992009
Birth,20000000,5005899,-14994101
In Dubious Battle,15000000,0,-15000000
Dungeons & Dragons: Wrath of the Dragon God,15000000,0,-15000000
A Few Best Men,15000000,0,-15000000
Blinded by the Light,15000000,0,-15000000
Pandaemonium,15000000,0,-15000000
AutÃ³mata,15000000,0,-15000000
Chiamatemi Francesco - Il papa della gente,15000000,0,-15000000
Bathory,15000000,0,-15000000
San suk si gin,15000000,0,-15000000
Broken Horses,15000000,0,-15000000
Khumba,15000000,0,-15000000
First Man,60000000,44936545,-15063455
Alpha,51000000,35851379,-15148621
Season of the Witch,40000000,24827228,-15172772
The Yellow Handkerchief,15500000,318623,-15181377
Wanderlust,32500000,17288155,-15211845
Wasabi,15300000,81525,-15218475
Joe Somebody,38000000,22770864,-15229136
Hands of Stone,20000000,4712792,-15287208
"Men, Women and Children",16000000,705908,-15294092
Broken City,35000000,19701164,-15298836
Jack Frost,50000000,34645374,-15354626
Bringing Out The Dead,32000000,16640210,-15359790
Veronica Guerin,17000000,1569918,-15430082
Unforgettable,18000000,2483790,-15516210
Valiant,35000000,19478106,-15521894
Passchendaele,20000000,4452423,-15547577
Flash of Genius,20000000,4442377,-15557623
Burlesque,55000000,39440655,-15559345
Play it to the Bone,24000000,8427204,-15572796
One for the Money,42000000,26414527,-15585473
T2: Trainspotting,18000000,2402004,-15597996
The Thin Red Line,52000000,36400491,-15599509
Wonder Boys,35000000,19389454,-15610546
Genius,17000000,1361045,-15638955
Ghostbusters,144000000,128350574,-15649426
Enter the Void,16000000,337997,-15662003
Godsend,30000000,14334645,-15665355
Cursed,35000000,19294901,-15705099
Stone Cold,25000000,9286314,-15713686
The Abyss,70000000,54243125,-15756875
Sherlock Gnomes,59000000,43242871,-15757129
Das Weisse Band: Eine deutsche Kindergeschichte,18000000,2222862,-15777138
Alex & Emma,30000000,14208384,-15791616
Renaissance Man,40000000,24172899,-15827101
Safe,33000000,17142080,-15857920
Deck the Halls,51000000,35093569,-15906431
Just Getting Started,22000000,6069605,-15930395
Aloha,37000000,21052030,-15947970
Megiddo: Omega Code 2,22000000,6047691,-15952309
DÃ©jÃ Vu,80000000,64038616,-15961384
Dhoom 3,24000000,8031955,-15968045
Good,16000000,31631,-15968369
Harley Davidson and the Marlboro Man,23000000,7018525,-15981475
Iâm Not There,20000000,4017609,-15982391
Vamps,16000000,3361,-15996639
Hachiko: A Dog's Story,16000000,0,-16000000
Haeundae,16000000,0,-16000000
Zulu,16000000,0,-16000000
The Secret Life of Pets 2,80000000,63795655,-16204345
In the Valley of Elah,23000000,6777741,-16222259
The Cold Light of Day,20000000,3763583,-16236417
Winged Migration,28000000,11689053,-16310947
Marmaduke,50000000,33644788,-16355212
Return to Oz,27000000,10618813,-16381187
The Ghost and the Darkness,55000000,38564422,-16435578
Serenity,25000000,8547045,-16452955
The Brothers Bloom,20000000,3531756,-16468244
Mission: Impossible III,150000000,133501348,-16498652
Arn - Tempelriddaren,16500000,0,-16500000
FUR: An Imaginary Portrait of Diane Arbus,16800000,223202,-16576798
Angels & Demons,150000000,133375846,-16624154
The Newton Boys,27000000,10341093,-16658907
Year One,60000000,43337279,-16662721
Walk Hard: The Dewey Cox Story,35000000,18317151,-16682849
Edge of Darkness,60000000,43313890,-16686110
Bewitched,80000000,63313159,-16686841
The Four Feathers,35000000,18306166,-16693834
8 Million Ways to Die,18000000,1305114,-16694886
Troy,150000000,133298577,-16701423
Southland Tales,17000000,275380,-16724620
Star Trek: Nemesis,60000000,43254409,-16745591
Hollow Man,90000000,73209340,-16790660
Criminal,31500000,14708696,-16791304
Escobar: Paradise Lost,17000000,195792,-16804208
The Ant Bully,45000000,28142535,-16857465
George Balanchine\'s The Nutcracker,19000000,2119994,-16880006
The Nutcracker,19000000,2119994,-16880006
The Road,25000000,8114270,-16885730
Coco avant Chanel,23000000,6113834,-16886166
Striptease,50000000,33109743,-16890257
"Synecdoche, New York",20000000,3083538,-16916462
Reign of Fire,60000000,43061982,-16938018
Kong: Skull Island,185000000,168052812,-16947188
Phantom,18000000,1034589,-16965411
Johnny English,45000000,28013509,-16986491
Wicker Park,30000000,13001257,-16998743
Chasseurs de dragons,17000000,0,-17000000
Crawl,17000000,0,-17000000
Darling Lili,22000000,5000000,-17000000
"Mune, le gardien de la lune",17000000,0,-17000000
Damnation Alley,17000000,0,-17000000
Pride and Prejudice and Zombies,28000000,10907291,-17092709
The Libertine,22000000,4835065,-17164935
City of Ghosts,17500000,325491,-17174509
Riding in Cars with Boys,47000000,29781453,-17218547
Quest for Camelot,40000000,22772500,-17227500
Hereafter,50000000,32746941,-17253059
The New World,30000000,12712093,-17287907
The Interpreter,90000000,72708161,-17291839
The Salton Sea,18000000,676698,-17323302
Beautiful Boy,25000000,7634767,-17365233
Furry Vengeance,35000000,17630465,-17369535
Parker,35000000,17616641,-17383359
Snake Eyes,73000000,55591409,-17408591
Man on the Moon,52000000,34580635,-17419365
Chappie,49000000,31569268,-17430732
De rouille et dâos,19500000,2061449,-17438551
G.I. Joe: Retaliation,140000000,122523060,-17476940
Taxi 4,17500000,0,-17500000
Suspiria,20000000,2483472,-17516528
Wall Street 2: Money Never Sleeps,70000000,52474616,-17525384
LBJ,20000000,2468683,-17531317
Dune,45000000,27447471,-17552529
City by the Sea,40000000,22433915,-17566085
Evening,30000000,12406646,-17593354
Zwartboek,22000000,4398532,-17601468
15 Minutes,42000000,24375436,-17624564
Mononoke-hime,20000000,2374107,-17625893
At First Sight,40000000,22365133,-17634867
Kansas City,19000000,1353824,-17646176
Bon Voyage,20000000,2353728,-17646272
Red Lights,17700000,49521,-17650479
Batman & Robin,125000000,107325195,-17674805
The Informers,18000000,315000,-17685000
The Devil's Double,19100000,1361512,-17738488
My All-American,20000000,2246000,-17754000
Rendition,27500000,9736045,-17763955
One Man's Hero,18000000,229311,-17770689
Planet 51,60000000,42194060,-17805940
The Hoax,25000000,7164995,-17835005
Lord of War,42000000,24149632,-17850368
Carlos,18000000,145526,-17854474
Beyond the Sea,24000000,6144806,-17855194
eXistenZ,20700000,2840417,-17859583
Renaissance,18000000,70644,-17929356
The Last Stand,30000000,12050299,-17949701
In Dreams,30000000,12017369,-17982631
Day of the Dead,18000000,0,-18000000
Can't Stop the Music,20000000,2000000,-18000000
Forsaken,18000000,0,-18000000
The Prince,18000000,0,-18000000
Wolves,18000000,0,-18000000
I Come with the Rain,18000000,0,-18000000
I Am Wrath,18000000,0,-18000000
Repo Men,32000000,13942007,-18057993
102 Dalmatians,85000000,66941559,-18058441
The Proposition,20000000,1903434,-18096566
Murder by Numbers,50000000,31874869,-18125131
Wimbledon,35000000,16862585,-18137415
The Last Airbender,150000000,131772187,-18227813
Suspect Zero,27000000,8712564,-18287436
The Water Diviner,22500000,4200117,-18299883
Marci X,20000000,1646664,-18353336
Wing Commander,30000000,11578022,-18421978
Danny the Dog,43000000,24537621,-18462379
The Curse of the Jade Scorpion,26000000,7496522,-18503478
Extraordinary Measures,31000000,12482741,-18517259
The Sweetest Thing,43000000,24430272,-18569728
IndigÃ¨nes,18900000,320700,-18579300
Before I Go to Sleep,22000000,3242457,-18757543
Mechanic: Resurrection,40000000,21218403,-18781597
Equilibrium,20000000,1190018,-18809982
Dylan Dog: Dead of Night,20000000,1186538,-18813462
Torque,40000000,21176322,-18823678
The Medallion,41000000,22108977,-18891023
Gake no ue no Ponyo,34000000,15090399,-18909601
The Oogieloves in the BIG Balloon Adventure,20000000,1065907,-18934093
The Children of Huang Shi,20000000,1031872,-18968128
Rampage,120000000,101028233,-18971767
Fantastic Mr. Fox,40000000,21002919,-18997081
Out of the Inferno,19000000,0,-19000000
Antitrust,30000000,10965209,-19034791
Captive State,25000000,5958315,-19041685
A Dogâs Way Home,61000000,41952715,-19047285
Dead Man Down,30000000,10895295,-19104705
"Mystery, Alaska",28000000,8891623,-19108377
The Yards,20000000,882710,-19117290
Be Cool,75000000,55849401,-19150599
Charlie's Angels: Full Throttle,120000000,100814328,-19185672
The Frozen Ground,19200000,0,-19200000
Sheena,25000000,5778353,-19221647
Der Baader Meinhof Komplex,19700000,476270,-19223730
Middle Men,20000000,754301,-19245699
Changeling,55000000,35739802,-19260198
Gangs of New York,97000000,77730500,-19269500
Hauru no ugoku shiro,24000000,4710455,-19289545
Underclassman,25000000,5654777,-19345223
The Ninth Gate,38000000,18653746,-19346254
Flags of Our Fathers,53000000,33602376,-19397624
JÃ¬yÃ¬ dÃ shÄ«,20000000,587470,-19412530
All Good Things,20000000,582024,-19417976
Duplicity,60000000,40572825,-19427175
By the Sea,20000000,538460,-19461540
Say It Isn't So,25000000,5516708,-19483292
Martian Child,27000000,7500310,-19499690
Steamboy,20000000,468867,-19531133
John Carpenterâs Ghosts of Mars,28000000,8434601,-19565399
The Game of Their Lives,20000000,375474,-19624526
Terminator 3: Rise of the Machines,170000000,150358296,-19641704
Meet the Deedles,24000000,4356126,-19643874
Showgirls,40000000,20350754,-19649246
Only the Brave,38000000,18340051,-19659949
Bait,35000000,15325127,-19674873
Assassins,50000000,30306268,-19693732
Rapa Nui,20000000,305070,-19694930
City Hall,40000000,20278055,-19721945
The Tempest,20000000,277943,-19722057
é·æ±ä¸è (CJ7),20000000,206678,-19793322
The Burning Plain,20000000,200730,-19799270
Aliens in the Attic,45000000,25200412,-19799588
Bird Box,19800000,0,-19800000
Dungeons and Dragons,35000000,15185241,-19814759
A Simple Wish,28000000,8165213,-19834787
Big Miracle,40000000,20157300,-19842700
Les Couloirs du temps: Les visiteurs 2,20000000,146072,-19853928
Hoodwinked Too: Hood vs. Evil,30000000,10143779,-19856221
The World's Fastest Indian,25000000,5128124,-19871876
People I Know,20000000,121972,-19878028
Righteous Kill,60000000,40081410,-19918590
Regression,20000000,55039,-19944961
The History of Love,20000000,0,-20000000
The Touch,20000000,0,-20000000
Dwegons and Leprechauns,20000000,0,-20000000
Survivor,20000000,0,-20000000
Butterfly on a Wheel,20000000,0,-20000000
Fight Valley,20000000,0,-20000000
Three Kingdoms: Resurrection of the Dragon,20000000,0,-20000000
Zambezia,20000000,0,-20000000
Admiral,20000000,0,-20000000
The Thousand Miles,20000000,0,-20000000
Lions for Lambs,35000000,14998070,-20001930
The Beaver,21000000,970816,-20029184
Mirror Mirror,85000000,64935167,-20064833
Stone,22000000,1810078,-20189922
Red Dawn,65000000,44806783,-20193217
ChÃ©ri,23000000,2715657,-20284343
Deception,25000000,4598506,-20401494
Bitter Harvest,21000000,557241,-20442759
Flight of the Intruder,35000000,14471440,-20528560
That's My Boy,57500000,36931089,-20568911
Extreme Measures,38000000,17378193,-20621807
Dragonball Evolution,30000000,9362785,-20637215
Funny People,72500000,51855045,-20644955
The Watch,55000000,34353000,-20647000
Across the Universe,45000000,24343673,-20656327
The Hunted,55000000,34234008,-20765992
Instinct,55000000,34105207,-20894793
Tank Girl,25000000,4064333,-20935667
First Daughter,30000000,9055010,-20944990
Joyeux NoÃ«l,22000000,1054361,-20945639
MoliÃ¨re,21600000,635733,-20964267
The Impossible,40000000,19019882,-20980118
Molly,21000000,17396,-20982604
King's Ransom,25000000,4008527,-20991473
Our Brand is Crisis,28000000,7002261,-20997739
Velvet Buzzsaw,21000000,0,-21000000
The Thing,38000000,16999934,-21000066
Rock Star,38000000,16991902,-21008098
Dragon Wars: D-War,32000000,10977721,-21022279
Zoolander 2,50000000,28848693,-21151307
Super Mario Bros.,42000000,20844907,-21155093
Stuck On You,55000000,33832741,-21167259
The Master,37500000,16247159,-21252841
The Juror,44000000,22730924,-21269076
The Darkest Minds,34000000,12695691,-21304309
The Spiderwick Chronicles,92500000,71195053,-21304947
Defiance,50000000,28644813,-21355187
The Lost City of Z,30000000,8574339,-21425661
Percy Jackson: Sea of Monsters,90000000,68559554,-21440446
We Are Marshall,65000000,43545364,-21454636
An Unfinished Life,30000000,8535575,-21464425
Everest,65000000,43482270,-21517730
Semi-Pro,55000000,33479698,-21520302
The Dilemma,70000000,48475290,-21524710
Taking Woodstock,29000000,7460204,-21539796
A Thousand Words,40000000,18450127,-21549873
Snow Falling on Cedars,36000000,14378353,-21621647
The Tree of Life,35000000,13305665,-21694335
The Holiday,85000000,63280000,-21720000
American Outlaws,35000000,13264986,-21735014
Formula 51,27000000,5204007,-21795993
Blindness,25000000,3073392,-21926608
Sgt. Stubby: An American Hero,25000000,3054285,-21945715
Doomsday,33000000,11008770,-21991230
Metegol,22000000,0,-22000000
Revolutionary Road,45000000,22951340,-22048660
The Cotton Club,48000000,25928721,-22071279
Cars 3,175000000,152901115,-22098885
The Space Between Us,30000000,7885294,-22114706
Red Sparrow,69000000,46874505,-22125495
The Jacket,28500000,6301131,-22198869
Annihilation,55000000,32732301,-22267699
The Imaginarium of Doctor Parnassus,30000000,7689607,-22310393
Kundun,28000000,5686694,-22313306
Hannibal Rising,50000000,27669725,-22330275
The Fast and the Furious: Tokyo Drift,85000000,62615510,-22384490
Need for Speed,66000000,43568507,-22431493
Carnage,25000000,2546747,-22453253
Babylon A.D.,45000000,22532572,-22467428
Barney's Version,30000000,7502560,-22497440
Invictus,60000000,37491364,-22508636
Hero,42000000,19487173,-22512827
Flawless,27000000,4485485,-22514515
Mindhunters,27000000,4476235,-22523765
Tulip Fever,25000000,2455635,-22544365
X-Men: Apocalypse,178000000,155442489,-22557511
BloodRayne,25000000,2405420,-22594580
Resident Evil: Retribution,65000000,42345531,-22654469
Chill Factor,34000000,11263966,-22736034
Alien: Covenant,97000000,74262031,-22737969
The Fifth Estate,26000000,3254172,-22745828
Miss Peregrineâs Home for Peculiar Children,110000000,87242834,-22757166
Where the Wild Things Are,100000000,77233467,-22766533
The Flintstones in Viva Rock Vegas,58000000,35231365,-22768635
The Story of Us,50000000,27100030,-22899970
Hall Pass,68000000,45060734,-22939266
Ghosts of Mississippi,36000000,13052741,-22947259
Redemption,23000000,36686,-22963314
State of Play,60000000,37017955,-22982045
Rogue,23000000,10452,-22989548
Frankenstein,45000000,22006296,-22993704
ChÄi dÃ n zhuÄnjiÄ,23000000,0,-23000000
Shi Yue Wei Cheng,23000000,0,-23000000
Zoom,35000000,11989328,-23010672
Anonymous,27500000,4463292,-23036708
Rules Donât Apply,26700000,3652206,-23047794
Trapped,30000000,6916869,-23083131
Cry Freedom,29000000,5899797,-23100203
Legend,25000000,1872994,-23127006
My Favorite Martian,60000000,36850101,-23149899
Bad Lieutenant: Port of Call New Orleans,25000000,1702112,-23297888
The Time Machine,80000000,56684819,-23315181
The Astronaut's Wife,34000000,10672566,-23327434
The Thief and the Cobbler,24000000,669276,-23330724
Bee Movie,150000000,126631277,-23368723
The Host,50000000,26623701,-23376299
Man on a Ledge,42000000,18620000,-23380000
Basic,50000000,26599248,-23400752
Gattaca,36000000,12532777,-23467223
Jane Got a Gun,25000000,1513793,-23486207
Run All Night,50000000,26461644,-23538356
The Shipping News,35000000,11405825,-23594175
The Sentinel,60000000,36280697,-23719303
Blood Work,50000000,26199517,-23800483
Me and Orson Welles,25000000,1190003,-23809997
Crimson Peak,55000000,31090320,-23909680
The Pirates! Band of Misfits,55000000,31051126,-23948874
The Bridge of San Luis Rey,24000000,49981,-23950019
The Young Victoria,35000000,11001272,-23998728
Flood,24000000,0,-24000000
Marie Antoinette,40000000,15962471,-24037529
Birth of the Dragon,31000000,6901965,-24098035
Venom,25000000,881745,-24118255
Where the Truth Lies,25000000,872142,-24127858
Mumford,28700000,4559569,-24140431
Dangerous Liaisons,24200000,17000,-24183000
Without Limits,25000000,780326,-24219674
The Fate of the Furious,250000000,225764765,-24235235
Trouble with the Curve,60000000,35763137,-24236863
On the Road,25000000,720828,-24279172
Kin,30000000,5718096,-24281904
Lara Croft: Tomb Raider: The Cradle of Life,90000000,65653758,-24346242
Sabotage,35000000,10508518,-24491482
What Dreams May Come,80000000,55485043,-24514957
Real Steel,110000000,85463309,-24536691
The International,50000000,25450527,-24549473
Escape from L.A.,50000000,25426861,-24573139
Pushing Tin,33000000,8408835,-24591165
The Glimmer Man,45000000,20404841,-24595159
A Good Day to Die Hard,92000000,67349198,-24650802
Intolerable Cruelty,60000000,35327628,-24672372
Once Upon a Time in America,30000000,5321508,-24678492
Knock Off,35000000,10319915,-24680085
Whiteout,35000000,10275638,-24724362
Unfinished Business,35000000,10219501,-24780499
Les petits mouchoirs,25000000,205505,-24794495
G.I. Joe: The Rise of Cobra,175000000,150201498,-24798502
Twisted,50000000,25195050,-24804950
The Walk,35000000,10161183,-24838817
The Fountain,35000000,10144010,-24855990
Love Ranch,25000000,137885,-24862115
Multiplicity,45000000,20133326,-24866674
Yi ge ren de wu lin,25000000,129115,-24870885
Blood and Wine,26000000,1083350,-24916650
Now You See Me 2,90000000,65075540,-24924460
Eragon,100000000,75030163,-24969837
The Professor and the Madman,25000000,0,-25000000
Waterloo,25000000,0,-25000000
Ironclad,25000000,0,-25000000
La vÃ©ritable histoire du Chat BottÃ©,25000000,0,-25000000
Matilda,25000000,0,-25000000
Red Sky,25000000,0,-25000000
Belka i Strelka. Zvezdnye sobaki,25000000,0,-25000000
Sammy's avonturen: De geheime doorgang,25000000,0,-25000000
Reagan,25000000,0,-25000000
The Adventurer: The Curse of the Midas Box,25000000,0,-25000000
The Kingdom,72500000,47467250,-25032750
Get Carter,40000000,14967182,-25032818
Kiss of Death,40000000,14942422,-25057578
UglyDolls,45000000,19894664,-25105336
How to Lose Friends & Alienate People,28000000,2775593,-25224407
The Pledge,45000000,19719930,-25280070
"Life, or Something Like It",40000000,14448589,-25551411
The Producers: The Movie Musical,45000000,19398532,-25601468
Ishtar,40000000,14375181,-25624819
Memoirs of an Invisible Man,40000000,14358033,-25641967
Amelia,40000000,14279575,-25720425
Stronger,30000000,4211129,-25788871
Gloria,30000000,4167493,-25832507
What Just Happened,27000000,1090947,-25909053
Cirque du Freak: The Vampire's Assistant,40000000,14046595,-25953405
Blood Ties,26000000,42472,-25957528
New York Minute,40000000,14018364,-25981636
Primary Colors,65000000,39017984,-25982016
The Life Aquatic with Steve Zissou,50000000,24006726,-25993274
The Grimm Brothers' Snow White,26000000,5000,-25995000
Accidental Love,26000000,0,-26000000
Viy,26000000,0,-26000000
The Face of an Angel,26000000,0,-26000000
The Relic,60000000,33956608,-26043392
The Assassination of Jesse James by the Coward Robert Ford,30000000,3909149,-26090851
Star Trek Beyond,185000000,158848340,-26151660
Shoot 'Em Up,39000000,12796824,-26203176
The Statement,27000000,765637,-26234363
The Merchant of Venice,30000000,3765585,-26234415
Cinderella Man,88000000,61649911,-26350089
The Good Thief,30000000,3517797,-26482203
The Deep End of the Ocean,40000000,13508635,-26491365
Ferdinand,111000000,84410380,-26589620
Alfie,40000000,13395939,-26604061
Leatherheads,58000000,31373938,-26626062
Mandela: Long Walk to Freedom,35000000,8323085,-26676915
American Assassin,63000000,36249674,-26750326
FearDotCom,40000000,13208023,-26791977
The Iron Giant,50000000,23159305,-26840695
Supercross,30000000,3102550,-26897450
Collide,29200000,2280004,-26919996
Punisher: War Zone,35000000,8050977,-26949023
Elysium,120000000,93050117,-26949883
Miss Potter,30000000,3005605,-26994395
The Magic Flute,27000000,0,-27000000
Rumor Has It,70000000,42996140,-27003860
Mercury Rising,60000000,32983332,-27016668
Elizabethtown,54000000,26850426,-27149574
Hercules,100000000,72688614,-27311386
The Order,35000000,7659747,-27340253
I Dreamed of Africa,34000000,6543194,-27456806
Almost Famous,60000000,32522352,-27477648
A Good Year,35000000,7459300,-27540700
Munich,75000000,47379090,-27620910
Spy Game,90000000,62362560,-27637440
Bogus,32000000,4357406,-27642594
The Express,37500000,9793406,-27706594
Life,58000000,30234022,-27765978
White Squall,38000000,10229300,-27770700
The Phantom,45000000,17220599,-27779401
Cold Pursuit,60000000,32138862,-27861138
Analyze That,60000000,32122249,-27877751
Soul Men,40000000,12082391,-27917609
From Paris With Love,52000000,24077427,-27922573
Tron: Legacy,200000000,172062763,-27937237
Killers,75000000,47059963,-27940037
Grindhouse,53000000,25031037,-27968963
Fight Club,65000000,37030102,-27969898
Memoirs of a Geisha,85000000,57010853,-27989147
Alatriste,28000000,0,-28000000
Hellboy,50000000,21903748,-28096252
Body of Lies,67500000,39394666,-28105334
The Brothers Grimsby,35000000,6864016,-28135984
The Soloist,60000000,31853584,-28146416
The Girl in the Spiderâs Web,43000000,14828555,-28171445
Rebound,45000000,16809014,-28190986
The Snowman,35000000,6670765,-28329235
Femme Fatale,35000000,6630252,-28369748
Your Highness,50000000,21596445,-28403555
Cats Don't Dance,32000000,3588602,-28411398
Snowden,50000000,21587519,-28412481
Did You Hear About the Morgans?,58000000,29580087,-28419913
Warriors of Virtue,35000000,6448817,-28551183
The Adventures of Ford Fairlane,49000000,20423389,-28576611
The Saint,90000000,61363304,-28636696
After the Sunset,57000000,28328132,-28671868
Death Race,65000000,36316032,-28683968
Dream House,50000000,21302340,-28697660
Goal! The Dream Begins,33000000,4283255,-28716745
Noah,130000000,101200044,-28799956
The Mortal Instruments: City of Bones,60000000,31165421,-28834579
The Last Samurai,140000000,111110575,-28889425
Bulletproof Monk,52000000,23010607,-28989393
Unhinged,29000000,0,-29000000
The Siege,70000000,40934175,-29065825
Cradle Will Rock,32000000,2899970,-29100030
Mission to Mars,90000000,60874615,-29125385
Aeon Flux,55000000,25857987,-29142013
Free State of Jones,50000000,20810036,-29189964
Luther,35000000,5781086,-29218914
The Legend of Bagger Vance,60000000,30695227,-29304773
Wu ji,30000000,669625,-29330375
The Gunman,40000000,10664749,-29335251
Mighty Joe Young,80000000,50632037,-29367963
Shaft,30000000,600000,-29400000
Fun With Dick And Jane,140000000,110550000,-29450000
The Ghost Writer,45000000,15541549,-29458451
Machine Gun Preacher,30000000,538690,-29461310
Gamer,50000000,20534907,-29465093
All the Pretty Horses,45000000,15527125,-29472875
Bilal: A New Breed of Hero,30000000,490973,-29509027
DOA: Dead or Alive,30000000,480314,-29519686
Universal Soldier II: The Return,40000000,10447421,-29552579
The Man From U.N.C.L.E.,75000000,45445109,-29554891
Pandorum,40000000,10330853,-29669147
Bangkok Dangerous,45000000,15298133,-29701867
The Love Guru,62000000,32235793,-29764207
Le Petit Nicolas,30000000,201857,-29798143
Xinhai geming,30000000,135739,-29864261
Biutiful,35000000,5101237,-29898763
Dragonfly,60000000,30063805,-29936195
Abraham Lincoln: Vampire Hunter,67500000,37519139,-29980861
Genghis Khan: To the Ends of the Earth and Sea,30000000,3892,-29996108
Wild Card,30000000,3200,-29996800
United Passions,30000000,918,-29999082
Konferenz der Tiere,30000000,0,-30000000
Savva. Serdtse voyna,30000000,0,-30000000
Goodbye Bafana,30000000,0,-30000000
Space Pirate Captain Harlock,30000000,0,-30000000
Ripley's Game,30000000,0,-30000000
Grace of Monaco,30000000,0,-30000000
City of Ember,38000000,7873007,-30126993
Beloved,53000000,22852487,-30147513
Man of the House,50000000,19699706,-30300294
The Life of David Gale,50000000,19694635,-30305365
Duplex,40000000,9652000,-30348000
Radio Flyer,35000000,4651977,-30348023
Watchmen,138000000,107509799,-30490201
Bound by Honor,35000000,4496583,-30503417
Beautiful Creatures,50000000,19452138,-30547862
G-Force,150000000,119436770,-30563230
The Good German,32000000,1308696,-30691304
RED 2,84000000,53262560,-30737440
A Hologram for the King,35000000,4212494,-30787506
Priest,60000000,29136626,-30863374
Oblivion,120000000,89107235,-30892765
Happily N'Ever After,47000000,15849032,-31150968
Into the Blue,50000000,18782227,-31217773
Nixon,45000000,13668249,-31331751
Stardust,70000000,38634938,-31365062
Tears of the Sun,75000000,43632458,-31367542
The Fifth Element,95000000,63570862,-31429138
Captain Corelli's Mandolin,57000000,25528495,-31471505
Rock of Ages,70000000,38518613,-31481387
Switchback,38000000,6504442,-31495558
The Long Kiss Goodnight,65000000,33447612,-31552388
Garfield: A Tail of Two Kitties,60000000,28426747,-31573253
Dredd,45000000,13414714,-31585286
Tomb Raider,90000000,58250803,-31749197
Bicentennial Man,90000000,58220776,-31779224
Superman Returns,232000000,200120000,-31880000
The Rum Diary,45000000,13109815,-31890185
George and the Dragon,32000000,0,-32000000
Yi dai zong shi,38600000,6594959,-32005041
Solaris,47000000,14970038,-32029962
Seven Years in Tibet,70000000,37945884,-32054116
The Infiltrator,47500000,15436808,-32063192
Sky Captain and the World of Tomorrow,70000000,37760080,-32239920
The Tourist,100000000,67631157,-32368843
Proof of Life,65000000,32598931,-32401069
The Curious Case of Benjamin Button,160000000,127509326,-32490674
The Meg,178000000,145443742,-32556258
Paranoia,40000000,7388654,-32611346
Money Train,68000000,35324232,-32675768
Lady in the Water,75000000,42285169,-32714831
The Secret Life of Walter Mitty,91000000,58236838,-32763162
The A-Team,110000000,77222099,-32777901
Smilla's Sense of Snow,35000000,2221994,-32778006
Eastern Promises,50000000,17181265,-32818735
The Young and Prodigious T.S. Spivet,33000000,176847,-32823153
Freaks of Nature,33000000,70958,-32929042
Random Hearts,64000000,31054924,-32945076
Spanglish,75000000,42044321,-32955679
Playing for Keeps,35000000,2000000,-33000000
Raise the Titanic,40000000,7000000,-33000000
Isn't She Great,36000000,2954405,-33045595
End of Days,100000000,66889043,-33110957
Against the Ropes,39000000,5881504,-33118496
XXX: State of the Union,60000000,26873932,-33126068
The Brave One,70000000,36793804,-33206196
Baahubali: The Beginning,40000000,6738000,-33262000
Yip Man 3,36000000,2679437,-33320563
Event Horizon,60000000,26673242,-33326758
Baby's Day Out,50000000,16581575,-33418425
Bandits,75000000,41523271,-33476729
Mr. Peabody & Sherman,145000000,111506430,-33493570
Lion of the Desert,35000000,1500000,-33500000
Sinbad: Legend of the Seven Seas,60000000,26483452,-33516548
Enemy at the Gates,85000000,51396781,-33603219
Le hussard sur le toit,35000000,1320043,-33679957
Chain Reaction,55000000,21226204,-33773796
The Big Year,41000000,7204138,-33795862
Deep Rising,45000000,11203026,-33796974
The Hurricane Heist,40000000,6115824,-33884176
Impostor,40000000,6114237,-33885763
2012,200000000,166112167,-33887833
Thunder and the House of Magic,34000000,4091,-33995909
Victor Frankenstein,40000000,5775076,-34224924
Welcome to Marwen,45000000,10763520,-34236480
Dreamcatcher,68000000,33685268,-34314732
Ride With the Devil,35000000,630779,-34369221
The Legend of Zorro,80000000,45575336,-34424664
Dark Water,60000000,25473093,-34526907
Power Rangers,120000000,85364450,-34635550
Stolen,35000000,289773,-34710227
The Sisters Brothers,38000000,3143056,-34856944
There Be Dragons,36000000,1069334,-34930666
Trespass,35000000,16816,-34983184
Last Action Hero,85000000,50016394,-34983606
The Lovers,35000000,0,-35000000
Black Water Transit,35000000,0,-35000000
Bandidas,35000000,0,-35000000
Extreme Ops,40000000,4835968,-35164032
Just Visiting,40000000,4777007,-35222993
Snowpiercer,40000000,4563029,-35436971
The Messenger: The Story of Joan of Arc,50000000,14271297,-35728703
Anna and the King,75000000,39251128,-35748872
Sphere,73000000,37068294,-35931706
Bolt,150000000,114053579,-35946421
Men in Black 3,215000000,179020854,-35979146
Queen of the Desert,36000000,0,-36000000
Anna Karenina,49000000,12816367,-36183633
Exorcist: The Beginning,78000000,41814863,-36185137
Sunshine,40000000,3688560,-36311440
The Warrior's Way,42000000,5666340,-36333660
The Fan,55000000,18582965,-36417035
I Spy,70000000,33561137,-36438863
Jonah Hex,47000000,10547117,-36452883
Obitaemyy ostrov,36500000,0,-36500000
Johnny English Reborn,45000000,8406711,-36593289
The Avengers,60000000,23385416,-36614584
Zathura,65000000,28045540,-36954460
The Predator,88000000,51024708,-36975292
Miracle at St. Anna,45000000,7916887,-37083113
The Hudsucker Proxy,40000000,2816518,-37183482
The Black Dahlia,60000000,22672813,-37327187
The Rundown,85000000,47641743,-37358257
Texas Rangers,38000000,623374,-37376626
EDtv,60000000,22508689,-37491311
McHale's Navy,42000000,4408420,-37591580
First Knight,75000000,37361412,-37638588
Big Trouble,45000000,7262288,-37737712
The Interview,44000000,6105175,-37894825
Wyatt Earp,63000000,25052000,-37948000
Virgin Territory,38000000,0,-38000000
The Missing,65000000,26900336,-38099664
King Arthur,90000000,51877963,-38122037
Mystery Men,68000000,29762011,-38237989
Billy Lynnâs Long Halftime Walk,40000000,1738477,-38261523
Pirates,40000000,1641825,-38358175
Man cheng jin dai huang jin jia,45000000,6566773,-38433227
Fair Game,50000000,11497497,-38502503
Arthur Christmas,85000000,46462469,-38537531
Sucker Punch,75000000,36392502,-38607498
Elizabeth: The Golden Age,55000000,16285240,-38714760
Imagine That,55000000,16222392,-38777608
The Smurfs 2,110000000,71017784,-38982216
The Insider,68000000,28965197,-39034803
Delgo,40000000,915840,-39084160
The Hunting Party,40000000,876671,-39123329
A Monster Calls,43000000,3740823,-39259177
Drive Angry,50000000,10721033,-39278967
Alex Rider: Operation Stormbreaker,40000000,659210,-39340790
Red Cliff,40000000,627047,-39372953
Driven,72000000,32616869,-39383131
Silence,46500000,7100177,-39399823
Mad City,50000000,10561038,-39438962
The Last Shot,40000000,463730,-39536270
The Scarlet Letter,50000000,10359006,-39640994
Domino,50000000,10169202,-39830798
Bad Company,70000000,30157016,-39842984
Rush Hour 3,180000000,140125968,-39874032
Nomad,40000000,79123,-39920877
Kursk,40000000,0,-40000000
Dragon Nest Warriors' Dawn,40000000,0,-40000000
USS Indianapolis: Men of Courage,40000000,0,-40000000
The Crow,40000000,0,-40000000
The Goldfinch,40000000,0,-40000000
Down Under Cover,40000000,0,-40000000
Un monstre Ã Paris,40000000,0,-40000000
xXx: Return of Xander Cage,85000000,44898413,-40101587
Jade,50000000,9812870,-40187130
The Spirit,60000000,19806188,-40193812
Meet Joe Black,85000000,44650003,-40349997
Hostage,75000000,34636443,-40363557
Love in the Time of Cholera,45000000,4617608,-40382392
Fantastic Beasts: The Crimes of Grindelwald,200000000,159555901,-40444099
Children of Men,76000000,35552383,-40447617
Heaven's Gate,44000000,3484331,-40515669
The Stepford Wives,100000000,59475623,-40524377
Little Nicky,80000000,39442871,-40557129
Knight and Day,117000000,76423035,-40576965
Elektra,65000000,24409722,-40590278
Inferno,75000000,34343574,-40656426
Micmacs,42000000,1259693,-40740307
Ice Age: Collision Course,105000000,64063008,-40936992
Master and Commander: The Far Side of the World,135000000,93926386,-41073614
Surf's Up,100000000,58867694,-41132306
Street Fighter: The Legend of Chun-Li,50000000,8742261,-41257739
Mary Reilly,47000000,5707094,-41292906
Pinocchio,45000000,3681811,-41318189
Cats & Dogs: The Revenge of Kitty Galore,85000000,43585753,-41414247
Surrogates,80000000,38577772,-41422228
Rise of the Guardians,145000000,103412758,-41587242
Inchon,46000000,4408636,-41591364
Death to Smoochy,50000000,8355815,-41644185
Evolution,80000000,38311134,-41688866
Early Man,50000000,8267544,-41732456
Doom,70000000,28212337,-41787663
The Last Castle,60000000,18208078,-41791922
The Boat That Rocked,50000000,8017467,-41982533
Les BronzÃ©s 3: amis pour la vie,42000000,0,-42000000
Pourquoi j'ai pas mangÃ© mon pÃ¨re,42000000,0,-42000000
The Brothers Grimm,80000000,37899638,-42100362
Gods and Generals,55000000,12882934,-42117066
The Kid Who Would Be King,59000000,16790790,-42209210
Mars Attacks!,80000000,37771017,-42228983
The Finest Hours,70000000,27569558,-42430442
Volcano,90000000,47546796,-42453204
The Wild,80000000,37384046,-42615954
Blood Diamond,100000000,57377916,-42622084
Inkheart,60000000,17303424,-42696576
Shadow Conspiracy,45000000,2154540,-42845460
Turbulence,55000000,11532774,-43467226
The Big Bounce,50000000,6471394,-43528606
Downsizing,68000000,24449754,-43550246
What Planet Are You From?,50000000,6291602,-43708398
The Divergent Series: Allegiant,110000000,66184051,-43815949
Walking with Dinosaurs,80000000,36076121,-43923879
The Road to El Dorado,95000000,50802661,-44197339
The Majestic,72000000,27796042,-44203958
Legend of the Guardians: The Owls of Ga'Hoole,100000000,55675313,-44324687
The Taking of Pelham 123,110000000,65452312,-44547688
Hollywood Homicide,75000000,30207785,-44792215
Escape Plan,70000000,25135965,-44864035
Killer Elite,70000000,25124986,-44875014
Collateral Damage,85000000,40048332,-44951668
Foodfight!,45000000,0,-45000000
Arthur and the War of Two Worlds,45500000,347136,-45152864
The Great Gatsby,190000000,144840419,-45159581
Starship Troopers,100000000,54768952,-45231048
Thirteen Days,80000000,34566746,-45433254
Astro Boy,65000000,19551067,-45448933
Bullet to the Head,55000000,9489829,-45510171
Supernova,60000000,14218868,-45781132
"I, Frankenstein",65000000,19075290,-45924710
3000 Miles to Graceland,62000000,15738632,-46261368
Mr. Nobody,46500000,3622,-46496378
Flyboys,60000000,13090630,-46909370
Showtime,85000000,37948765,-47051235
Daylight,80000000,32908290,-47091710
The Devil's Own,90000000,42885593,-47114407
Winterâs Tale,60000000,12600231,-47399769
The 6th Day,82000000,34543701,-47456299
All the King's Men,55000000,7221458,-47778542
Hudson Hawk,65000000,17218916,-47781084
Dante's Peak,115000000,67163857,-47836143
Gigli,54000000,6087542,-47912458
Holy Man,60000000,12069719,-47930281
Meet Dave,60000000,11803254,-48196746
Thunderbirds,55000000,6768055,-48231945
Ender's Game,110000000,61737191,-48262809
Penguins of Madagascar,132000000,83350911,-48649089
Child 44,50000000,1224330,-48775670
Un long dimanche de fianÃ§ailles,55000000,6167817,-48832183
Last Man Standing,67000000,18115927,-48884073
Lucky You,55000000,5755286,-49244714
Ad Astra,49800000,0,-49800000
The Great Raid,60000000,10166502,-49833498
Outlander,50000000,166003,-49833997
Van Helsing,170000000,120150546,-49849454
Upside Down,50000000,102118,-49897882
Shanghai,50000000,46425,-49953575
The Adventures of Rocky & Bullwinkle,76000000,26000610,-49999390
Arctic Dogs,50000000,0,-50000000
Hannibal the Conqueror,50000000,0,-50000000
The Rhythm Section,50000000,0,-50000000
Hard Rain,70000000,19870567,-50129433
Judge Dredd,85000000,34687912,-50312088
Land of the Lost,100000000,49438370,-50561630
Rock Dog,60000000,9420546,-50579454
The Chronicles of Narnia: The Voyage of the Dawn Treader,155000000,104386950,-50613050
Ali,109000000,58183966,-50816034
The Lovely Bones,95000000,44114232,-50885768
Hart's War,70000000,19076815,-50923185
Rollerball,70000000,18990542,-51009458
The Legend of Hercules,70000000,18848538,-51151462
Sin City: A Dame to Kill For,65000000,13757804,-51242196
Peter Pan,100000000,48417850,-51582150
Next,70000000,18211013,-51788987
Zodiac,85000000,33080084,-51919916
Turbo,135000000,83028130,-51971870
Disneyâs A Christmas Carol,190000000,137855863,-52144137
Titan A.E.,75000000,22751979,-52248021
Mortdecai,60000000,7696134,-52303866
The Adventures of Tintin,130000000,77591831,-52408169
The Last Witch Hunter,80000000,27367660,-52632340
Two Brothers,72000000,19176754,-52823246
Teenage Mutant Ninja Turtles: Out of the Shadows,135000000,82051601,-52948399
The Legend of Tarzan,180000000,126643061,-53356939
Scott Pilgrim vs. The World,85000000,31611316,-53388684
Lolita,55000000,1147784,-53852216
The Core,85000000,31111260,-53888740
Flight of the Phoenix,75000000,21009180,-53990820
Live by Night,65000000,10378555,-54621445
Wonder Park,100000000,45216793,-54783207
K-19: The Widowmaker,90000000,35168966,-54831034
Eye See You,55000000,79161,-54920839
Lucky Numbers,65000000,10014234,-54985766
Stuart Little 2,120000000,64956806,-55043194
In the Name of the King: A Dungeon Siege Tale,60000000,4775656,-55224344
Beyond Borders,60000000,4426297,-55573703
Ballistic: Ecks vs. Sever,70000000,14294842,-55705158
Zhuo yao ji,56000000,32766,-55967234
Dumbo,170000000,113883318,-56116682
"Che, Part 1: The Argentine",58000000,1802521,-56197479
Father's Day,85000000,28681080,-56318920
Osmosis Jones,70000000,13596911,-56403089
Skyscraper,125000000,68420120,-56579880
Pompeii,80000000,23169033,-56830967
Pirates of the Caribbean: Dead Men Tell No Tales,230000000,172558876,-57441124
Mei Ren Yu,60720000,3229457,-57490543
Battlefield Earth: A Saga of the Year 3000,80000000,21471685,-58528315
Looney Tunes: Back in Action,80000000,20950820,-59049180
Tangled,260000000,200821936,-59178064
Xi You Ji zhi Sun Wu Kong San Da Bai Gu Jing,60000000,709982,-59290018
Midway,59500000,0,-59500000
Catwoman,100000000,40202379,-59797621
Home on the Range,110000000,50026353,-59973647
The Ridiculous 6,60000000,0,-60000000
Nine,80000000,19676965,-60323035
Soldier,75000000,14623082,-60376918
Timeline,80000000,19480739,-60519261
Oceans,80000000,19422319,-60577681
Quantum of Solace,230000000,169368427,-60631573
The Expendables 3,100000000,39322544,-60677456
Virus,75000000,14010690,-60989310
The Last Legion,67000000,5932060,-61067940
Wild Wild West,175000000,113805681,-61194319
Solo: A Star Wars Story,275000000,213767512,-61232488
RoboCop,120000000,58607007,-61392993
Perfume: The Story of a Murderer,63700000,2223293,-61476707
Legends of Oz: Dorothyâs Return,70000000,8462347,-61537653
Babe: Pig in the City,80000000,18319860,-61680140
Independence Day: Resurgence,165000000,103144286,-61855714
Treasure Planet,100000000,38120554,-61879446
Speed 2: Cruise Control,110000000,48097081,-61902919
Blackhat,70000000,8005980,-61994020
The Chronicles of Riddick,120000000,57712751,-62287249
The Postman,80000000,17650704,-62349296
Red Planet,80000000,17480890,-62519110
Kingdom of Heaven,110000000,47398413,-62601587
Cowboys and Aliens,163000000,100368560,-62631440
Oliver Twist,65000000,2070920,-62929080
Fantastic Four,120000000,56117548,-63882452
Basic Instinct 2,70000000,5946136,-64053864
The Good Dinosaur,187500000,123087120,-64412880
Green Zone,100000000,35497337,-64502663
Arthur et les Minimoys,80000000,15132763,-64867237
The Invasion,80000000,15074191,-64925809
Tian jiang xiong shi,65000000,74070,-64925930
Air Strike,65000000,0,-65000000
Terminator: Genisys,155000000,89760956,-65239044
Allied,106000000,40098064,-65901936
Total Recall,125000000,58877969,-66122031
Geostorm,100000000,33700160,-66299840
Wrath of the Titans,150000000,83670083,-66329917
The Huntsman: Winterâs War,115000000,48003015,-66996985
Beowulf,150000000,82280579,-67719421
Robin Hood,99000000,30824628,-68175372
Ben-Hur,95000000,26410477,-68589523
Conan the Barbarian,90000000,21295021,-68704979
Gulliver's Travels,112000000,42779261,-69220739
Agora,70000000,619423,-69380577
Ghost in the Shell,110000000,40563557,-69436443
After Earth,130000000,60522097,-69477903
Monkeybone,75000000,5409517,-69590483
The Alamo,92000000,22406362,-69593638
The Three Musketeers,90000000,20377913,-69622087
Dark Shadows,150000000,79727149,-70272851
Assassinâs Creed,125000000,54647948,-70352052
Justice League,300000000,229024295,-70975705
Happy Feet Two,135000000,64006466,-70993534
Point Break,100000000,28782481,-71217519
Miami Vice,135000000,63478838,-71521162
The Mummy: Tomb of the Dragon Emperor,175000000,102491776,-72508224
Windtalkers,115000000,40914068,-74085932
Terminator Salvation,200000000,125322469,-74677531
Evan Almighty,175000000,100289690,-74710310
Cloud Atlas,102000000,27108272,-74891728
In the Heart of the Sea,100000000,25020758,-74979242
Exodus: Gods and Kings,140000000,65014513,-74985487
PLAYMOBIL,75000000,0,-75000000
355,75000000,0,-75000000
Speed Racer,120000000,43945766,-76054234
The Little Prince,77500000,1311213,-76188787
Sahara,145000000,68671925,-76328075
Tomorrowland,170000000,93436322,-76563678
White House Down,150000000,73103784,-76896216
Transcendence,100000000,23022309,-76977691
Seventh Son,95000000,17725785,-77274215
Renegades,77500000,0,-77500000
AstÃ©rix et ObÃ©lix: Au service de Sa MajestÃ©,77600000,0,-77600000
Edge of Tomorrow,178000000,100206256,-77793744
The Nutcracker and the Four Realms,132900000,54858851,-78041149
A Sound of Thunder,80000000,1900451,-78099549
Australia,130000000,49554002,-80445998
The Promise,90000000,8224288,-81775712
Cutthroat Island,92000000,10017322,-81982678
Call of the Wild,82000000,0,-82000000
Son of the Mask,100000000,17018422,-82981578
The Chronicles of Narnia: Prince Caspian,225000000,141621490,-83378510
Green Lantern,200000000,116601172,-83398828
Mortal Engines,100000000,15951040,-84048960
The Island,120000000,35818913,-84181087
Alita: Battle Angel,170000000,85710210,-84289790
Flushed Away,149000000,64665672,-84334328
Godzilla: King of the Monsters,170000000,85576941,-84423059
The BFG,140000000,55483770,-84516230
Around the World in 80 Days,110000000,24004159,-85995841
Waterworld,175000000,88246220,-86753780
Transformers: The Last Knight,217000000,130168683,-86831317
The Wolfman,150000000,62189884,-87810116
Pacific Rim,190000000,101802906,-88197094
How Do You Know?,120000000,30212620,-89787380
The Nutcracker in 3D,90000000,195459,-89804541
Army of the Dead,90000000,0,-90000000
Bright,90000000,0,-90000000
Monster Trucks,125000000,33370166,-91629834
The 13th Warrior,125000000,32698899,-92301101
Blade Runner 2049,185000000,92054159,-92945841
Alice Through the Looking Glass,170000000,77042381,-92957619
Deepwater Horizon,156000000,61433527,-94566473
Pacific Rim: Uprising,155000000,59874525,-95125475
The Adventures of Pluto Nash,100000000,4411102,-95588898
R.I.P.D.,130000000,33618855,-96381145
The Sorcerer's Apprentice,160000000,63150991,-96849009
Town & Country,105000000,6712451,-98287549
Poseidon,160000000,60674817,-99325183
Jin lÃ­ng shÃ­ san chai,100000000,311434,-99688566
Spectre,300000000,200074175,-99925825
Robin Hood,210000000,105487148,-104512852
The Great Wall,150000000,45157105,-104842895
Final Fantasy: The Spirits Within,137000000,32131830,-104868170
Stealth,138000000,32116746,-105883254
Hugo,180000000,73864507,-106135493
Men in Black: International,110000000,3100000,-106900000
Gods of Egypt,140000000,31153464,-108846536
Prince of Persia: Sands of Time,200000000,90759676,-109240324
AstÃ©rix aux Jeux Olympiques,113500000,999811,-112500189
Warcraft,160000000,47225655,-112774345
The Mummy,195000000,80101125,-114898875
Pan,150000000,35088320,-114911680
Alexander,155000000,34297191,-120702809
Mars Needs Moms,150000000,21392758,-128607242
Jack the Giant Slayer,195000000,65187603,-129812397
Jupiter Ascending,179000000,47482519,-131517481
The Golden Compass,205000000,70107728,-134892272
King Arthur: Legend of the Sword,175000000,39175066,-135824934
47 Ronin,175000000,38362475,-136637525
Valerian and the City of a Thousand Planets,180000000,40479370,-139520630
Moonfall,150000000,0,-150000000
Battleship,220000000,65233400,-154766600
Pirates of the Caribbean: On Stranger Tides,410600000,241063875,-169536125
The Lone Ranger,275000000,89302115,-185697885
John Carter,275000000,73058679,-201941321
Dark Phoenix,350000000,42762350,-307237650
