production_budget,domestic_gross,production_profit_domestic
306000000,936662225,630662225
200000000,700059566,500059566
200000000,659363944,459363944
11000000,460998007,449998007
215000000,652270625,437270625
10500000,435110554,424610554
200000000,608581744,408581744
225000000,623279547,398279547
300000000,678815482,378815482
70000000,441226247,371226247
115000000,474544677,359544677
20000000,376057266,356057266
185000000,533720947,348720947
25000000,370782930,345782930
160000000,504014165,344014165
79300000,421785283,342485283
425000000,760507625,335507625
63000000,395708305,332708305
200000000,532177324,332177324
80000000,408010692,328010692
90000000,404508916,314508916
58000000,363070709,305070709
317000000,620181382,303181382
130000000,424668047,294668047
75000000,368384330,293384330
35000000,327481748,292481748
58000000,350126372,292126372
76000000,368065385,292065385
94000000,380529370,286529370
200000000,486295561,286295561
94000000,377845905,283845905
32500000,309205079,276705079
55000000,330151138,275151138
15000000,285761243,270761243
23000000,290271960,267271960
115000000,380270577,265270577
139000000,403706375,264706375
150000000,412563408,262563408
74000000,336045770,262045770
125000000,381193157,256193157
40000000,293506292,253506292
175000000,426525952,251525952
150000000,400738009,250738009
94000000,342548984,248548984
12000000,260000000,248000000
170000000,417719760,247719760
50000000,296623634,246623634
35000000,277322503,242322503
5000000,241438208,236438208
68000000,300531751,232531751
75000000,306169255,231169255
35000000,255959475,220959475
15000000,234760478,219760478
60000000,279167575,219167575
12000000,230347346,218347346
50000000,267655011,217655011
35000000,251188924,216188924
200000000,415004880,215004880
110000000,324591735,214591735
30000000,242212467,212212467
125000000,337135885,212135885
200000000,408992272,208992272
109000000,315544750,206544750
20000000,225686079,205686079
225000000,423315812,198315812
60000000,257784718,197784718
115000000,310676740,195676740
22000000,217631306,195631306
75000000,270620950,195620950
75000000,270329045,195329045
3900000,198680470,194780470
25000000,219195051,194195051
19000000,212259762,193259762
125000000,317871467,192871467
210000000,402111870,192111870
150000000,341268248,191268248
200000000,389813101,189813101
75000000,264624300,189624300
28000000,217350219,189350219
175000000,364001123,189001123
1488000,184925486,183437486
69000000,251513985,182513985
175000000,356461711,181461711
36000000,215288866,179288866
6000000,181813770,175813770
160000000,335061807,175061807
80000000,254464305,174464305
115000000,289423425,174423425
70000000,244082982,174082982
200000000,373524485,173524485
275000000,448139099,173139099
125000000,296131568,171131568
5000000,176040665,171040665
35000000,206040085,171040085
17000000,188024361,171024361
92000000,261441092,169441092
40000000,209218368,169218368
50000000,218665740,168665740
151000000,319246193,168246193
8800000,174803506,166003506
140000000,305411224,165411224
19000000,184208842,165208842
15000000,179800601,164800601
14000000,178406268,164406268
110000000,274092705,164092705
170000000,333172112,163172112
190000000,353007020,163007020
160000000,322719944,162719944
55000000,217326974,162326974
100000000,262233381,162233381
15000000,177200000,162200000
30000000,191796233,161796233
81000000,242704995,161704995
55000000,216303339,161303339
90000000,250690539,160690539
175000000,334201140,159201140
250000000,408084349,158084349
195000000,352390543,157390543
70702619,227969295,157266676
136200000,292324737,156124737
90000000,245852179,155852179
37000000,192769854,155769854
29000000,184296230,155296230
8200000,163214286,155014286
20000000,175006930,155006930
22000000,176484651,154484651
5500000,159616327,154116327
75000000,229086679,154086679
127500000,281287133,153787133
88000000,241688385,153688385
20000000,173585516,153585516
15000000,167780960,152780960
28000000,179880271,151880271
65000000,216335085,151335085
60000000,210614939,150614939
63000000,213117789,150117789
175000000,325100054,150100054
70000000,219614612,149614612
10000000,159342015,149342015
48000000,197171806,149171806
20000000,169100479,149100479
85000000,233632142,148632142
25000000,172825435,147825435
67500000,214030500,146530500
25000000,169705587,144705587
25000000,169607287,144607287
30000000,174532921,144532921
14000000,156645693,142645693
170000000,312433331,142433331
150000000,292137260,142137260
32000000,173840591,141840591
50000000,191719337,141719337
110000000,250863268,140863268
30000000,170687518,140687518
150000000,290201752,140201752
600000,140539099,139939099
44000000,183875760,139875760
3000000,141600000,138600000
23000000,161491646,138491646
19000000,157019771,138019771
11000000,148168459,137168459
123000000,260044825,137044825
32500000,169211718,136711718
40000000,176591618,136591618
7000000,143495265,136495265
45000000,181410615,136410615
35000000,171243005,136243005
90000000,226164286,136164286
180000000,315058289,135058289
200000000,334191110,134191110
20000000,153665036,133665036
30000000,163479795,133479795
28000000,161197785,133197785
5000000,138141585,133141585
186000000,318604126,132604126
160000000,292576195,132576195
185000000,317101119,132101119
18000000,150086800,132086800
6000000,137963328,131963328
150000000,281553689,131553689
20000000,151101803,131101803
10000000,138433435,128433435
330600000,459005868,128405868
7000000,134966411,127966411
14000000,141330703,127330703
40000000,166167230,126167230
40000000,163958031,123958031
15000000,138797449,123797449
25000000,148095302,123095302
22000000,144833357,122833357
55000000,177784257,122784257
13500000,135265915,121765915
160000000,281723902,121723902
27500000,148761765,121261765
108000000,228433663,120433663
26000000,146336178,120336178
75000000,195330621,120330621
25000000,145000989,120000989
130000000,249757726,119757726
90000000,209028679,119028679
75000000,193595521,118595521
175000000,293004164,118004164
65000000,182805123,117805123
45000000,162798565,117798565
140000000,257730019,117730019
20000000,137400141,117400141
65000000,182207973,117207973
2600000,119500000,116900000
43000000,159581587,116581587
42000000,158340892,116340892
1000000,117235147,116235147
50000000,165493908,115493908
30000000,145096820,115096820
15000000,130058047,115058047
777000,115000000,114223000
37000000,150394119,113394119
6000000,119114517,113114517
15000000,128067808,113067808
85000000,198000317,113000317
12000000,124872350,112872350
20000000,132675402,112675402
52000000,164606800,112606800
20000000,132422809,112422809
180000000,291710957,111710957
65000000,176387405,111387405
55000000,166225040,111225040
16000000,127175374,111175374
21000000,132092958,111092958
13000000,123922370,110922370
20000000,130726716,110726716
72500000,183135014,110635014
18000000,128505958,110505958
40000000,150117807,110117807
35000000,144731527,109731527
25000000,134202565,109202565
65000000,173772767,108772767
33000000,141340178,108340178
60000000,168213584,108213584
55000000,162586036,107586036
450000,107918810,107468810
61000000,167767189,106767189
7000000,113721571,106721571
90000000,196573705,106573705
38000000,144512310,106512310
65000000,171479930,106479930
44000000,150415432,106415432
150000000,256393010,106393010
35000000,141186864,106186864
95000000,201151353,106151353
4000000,109492484,105492484
4400000,108981275,104581275
200000000,304360277,104360277
98000000,202007640,104007640
17500000,121463226,103963226
50000000,153952592,103952592
100000000,203464105,103464105
65000000,167500092,102500092
132000000,234280354,102280354
14000000,116000000,102000000
858000,102797000,101939000
18000000,119920129,101920129
40000000,141744320,101744320
20000000,121697323,101697323
80000000,180981886,100981886
11000000,111897830,100897830
10000000,110359362,100359362
50000000,150357137,100357137
90000000,190173195,100173195
8000000,107928762,99928762
35000000,134506920,99506920
127000000,226277068,99277068
7500000,106593296,99093296
5000000,104028807,99028807
150000000,248757044,98757044
40000000,138614544,98614544
50000000,148478011,98478011
85000000,183417150,98417150
116000000,213511408,97511408
130000000,227471070,97471070
20000000,117229692,97229692
800000,98000000,97200000
18000000,114968774,96968774
25000000,121945720,96945720
15000000,111936388,96936388
42000000,138447667,96447667
6000000,102308900,96308900
6000000,102272145,96272145
80000000,175750384,95750384
120000000,215409889,95409889
14000000,109306210,95306210
57500000,152647258,95147258
30000000,125014030,95014030
45000000,139854287,94854287
13000000,106954678,93954678
20000000,113257297,93257297
78000000,170708996,92708996
125000000,217536138,92536138
52000000,144130063,92130063
44500000,136025503,91525503
30000000,121248145,91248145
85000000,176087450,91087450
20000000,111035005,91035005
30000000,120709866,90709866
29000000,119519402,90519402
84000000,174340174,90340174
125000000,214949694,89949694
12000000,101800948,89800948
170000000,259746958,89746958
35000000,124740460,89740460
80000000,169700110,89700110
38000000,127214072,89214072
74000000,162994032,88994032
93000000,181166115,88166115
15000000,103046663,88046663
85000000,172956409,87956409
28000000,115108515,87108515
15000000,102092201,87092201
15000000,102003019,87003019
75000000,162001186,87001186
14400000,101157447,86757447
130000000,216648740,86648740
30000000,116632095,86632095
55000000,141579773,86579773
40000000,126573960,86573960
75000000,161412000,86412000
24000000,109713132,85713132
30000000,115654751,85654751
30000000,115646235,85646235
45000000,130531208,85531208
130000000,215434591,85434591
40000000,125095601,85095601
125000000,210031325,85031325
50000000,135014968,85014968
103000000,187683805,84683805
33000000,117559438,84559438
30000000,114326736,84326736
26000000,110222438,84222438
70000000,154112492,84112492
100000000,184031112,84031112
65000000,148809770,83809770
15000000,98800000,83800000
93000000,176760185,83760185
30000000,113502246,83502246
2800000,86300000,83500000
7000000,90463574,83463574
26000000,109449237,83449237
4000000,87400000,83400000
60000000,143153751,83153751
20000000,102922376,82922376
80000000,162833635,82833635
8000000,90815558,82815558
11000000,93617009,82617009
35000000,117538559,82538559
75000000,157299717,82299717
70000000,152257509,82257509
2900000,85000000,82100000
5000000,87025093,82025093
2289247,84300000,82010753
3000000,84752907,81752907
19000000,100292856,81292856
48000000,129094024,81094024
2280000,83320000,81040000
46000000,126813153,80813153
250000000,330360194,80360194
100000000,180011740,80011740
3500000,83453539,79953539
56000000,135560942,79560942
11000000,90559416,79559416
12000000,91547205,79547205
17000000,96522687,79522687
16400000,95860116,79460116
12000000,91386097,79386097
55000000,134218018,79218018
10000000,89217875,79217875
160000000,238679850,78679850
19000000,97670358,78670358
15000000,93589701,78589701
5000000,83586447,78586447
258000000,336530303,78530303
18000000,96493426,78493426
40000000,118450002,78450002
30000000,108360063,78360063
30000000,108244774,78244774
3500000,81600000,78100000
87000000,165092266,78092266
13000000,91038276,78038276
150000000,227946274,77946274
6500000,84273813,77773813
35000000,112692062,77692062
50000000,127440871,77440871
24000000,101363301,77363301
50000000,127352707,77352707
50000000,127004179,77004179
30000000,106885658,76885658
16000000,92823546,76823546
60000000,136801374,76801374
40000000,116735231,76735231
4500000,81198894,76698894
7000000,83482352,76482352
110000000,186336279,76336279
50000000,126293452,76293452
15000000,91125143,76125143
82000000,158119460,76119460
48000000,124107476,76107476
41000000,116724075,75724075
50000000,125548685,75548685
30000000,105489203,75489203
80000000,155385488,75385488
10000000,85300000,75300000
73000000,148213377,75213377
35000000,110212700,75212700
80000000,155019340,75019340
20000000,94514402,74514402
26000000,100317794,74317794
65000000,139225854,74225854
42000000,116089678,74089678
3400000,77437223,74037223
34000000,107825862,73825862
55000000,128814019,73814019
165000000,238736787,73736787
17500000,90508336,73008336
100000000,173005002,73005002
37000000,109767581,72767581
71500000,144156605,72656605
32000000,104636382,72636382
28000000,100494685,72494685
70000000,141930000,71930000
13500000,85400591,71900591
25000000,96898818,71898818
56200000,128002372,71802372
8200000,80000000,71800000
40000000,111760631,71760631
9000000,80571655,71571655
9000000,80500000,71500000
145000000,216391482,71391482
37500000,108235497,70735497
30000000,100492203,70492203
10000000,80238724,70238724
10700000,80930630,70230630
70000000,140218711,70218711
11000000,81204830,70204830
30000000,100125643,70125643
85000000,155064265,70064265
85000000,154529439,69529439
32000000,101470202,69470202
84000000,153294164,69294164
13900000,83043761,69143761
10000000,79042440,69042440
40000000,108766007,68766007
8000000,76657000,68657000
22000000,90648202,68648202
200000000,268488329,68488329
34000000,102427862,68427862
17000000,85160248,68160248
18000000,86047227,68047227
12000000,79817937,67817937
165000000,232641920,67641920
40000000,107533925,67533925
87500000,154696080,67196080
5000000,72082999,67082999
12000000,78912963,66912963
52000000,118703275,66703275
70000000,136492681,66492681
95000000,161321843,66321843
125000000,191204754,66204754
225000000,291045518,66045518
85000000,150947895,65947895
80000000,145771527,65771527
50000000,115715889,65715889
25000000,90639088,65639088
60000000,125618201,65618201
90000000,155464351,65464351
26000000,91457688,65457688
17000000,82390774,65390774
102000000,167365000,65365000
50000000,115234093,65234093
60000000,125070033,65070033
45000000,110000082,65000082
42000000,106793915,64793915
3000000,67790117,64790117
182000000,246734314,64734314
20000000,84525432,64525432
145000000,209397903,64397903
31000000,95020213,64020213
10700000,74706019,64006019
36000000,99967670,63967670
23000000,86930411,63930411
12000000,75781642,63781642
85000000,148313048,63313048
100000000,162805434,62805434
31000000,93772375,62772375
20000000,82674398,62674398
20000000,82624961,62624961
120000000,182618434,62618434
9000000,71562550,62562550
40000000,102470008,62470008
12000000,74433837,62433837
5000000,67268835,62268835
23000000,85080171,62080171
125000000,186848418,61848418
45000000,106807667,61807667
11000000,72778712,61778712
125000000,186740799,61740799
140000000,201578182,61578182
3000000,64473115,61473115
60000000,121468960,61468960
180000000,241407328,61407328
26000000,87341380,61341380
20000000,81261177,61261177
20000000,80818974,60818974
80000000,140464664,60464664
12000000,72217396,60217396
5000000,65206105,60206105
30000000,90135191,60135191
13000000,73013910,60013910
62000000,122012656,60012656
45000000,104897530,59897530
1150000,60755732,59605732
75000000,134508551,59508551
55000000,114434010,59434010
5000000,64282312,59282312
25000000,84185387,59185387
25000000,84136909,59136909
75000000,134069511,59069511
15000000,73839613,58839613
6500000,65281781,58781781
10000000,68566296,58566296
4000000,62546695,58546695
52000000,110485654,58485654
18000000,76471046,58471046
10000000,68353550,58353550
12000000,70012847,58012847
15000000,73000000,58000000
10000000,67745330,57745330
20000000,77698625,57698625
25000000,82622655,57622655
61000000,118594548,57594548
165000000,222527828,57527828
25000000,82234139,57234139
18000000,75072454,57072454
30000000,87044645,57044645
56000000,113006880,57006880
40000000,96962694,56962694
47000000,103738726,56738726
45000000,101704370,56704370
15000000,71628180,56628180
13000000,69488745,56488745
150000000,206459076,56459076
150000000,206445654,56445654
150000000,206362140,56362140
14600000,70906973,56306973
5500000,61558162,56058162
14000000,70001698,56001698
25000000,80936232,55936232
50000000,105807520,55807520
45000000,100768056,55768056
30000000,85744662,55744662
30000000,85416609,55416609
150000000,205343774,55343774
50000000,105264608,55264608
17000000,72250091,55250091
37000000,92186262,55186262
25000000,80048433,55048433
25000000,80014842,55014842
17000000,72000000,55000000
14000000,68856263,54856263
82500000,137355633,54855633
15000000,69847348,54847348
1200000,55968727,54768727
85000000,139606856,54606856
9000000,63600000,54600000
8000000,62599495,54599495
17000000,71502303,54502303
65000000,119394839,54394839
54000000,108185706,54185706
40000000,94125426,54125426
180000000,234037575,54037575
40000000,93953653,53953653
30000000,83823381,53823381
50000000,103804407,53804407
80000000,133668525,53668525
25000000,78656813,53656813
90000000,143619809,53619809
22000000,75600072,53600072
47000000,100546139,53546139
12000000,65532576,53532576
17000000,70525195,53525195
10000000,63465522,53465522
28000000,81350242,53350242
12000000,65328121,53328121
10000000,63300095,53300095
10000000,63257940,53257940
20000000,73206343,53206343
80000000,133107389,53107389
250000000,303003568,53003568
165000000,217581232,52581232
12000000,64575175,52575175
16000000,68525609,52525609
1500000,54009150,52509150
185000000,237282182,52282182
25000000,77267296,52267296
1000000,53262945,52262945
27000000,79249455,52249455
15000000,67182787,52182787
135000000,187168425,52168425
55000000,107136417,52136417
250000000,302089278,52089278
40000000,92029184,52029184
23600000,75590286,51990286
8000000,59891098,51891098
31000000,82582604,51582604
14500000,66013057,51513057
26000000,77324422,51324422
25000000,76270454,51270454
24000000,75155000,51155000
76000000,127120058,51120058
12000000,63118386,51118386
30000000,81001787,51001787
38000000,88915214,50915214
40000000,90862685,50862685
65000000,115821495,50821495
70000000,120774594,50774594
40000000,90710620,50710620
5000000,55683845,50683845
65000000,115637895,50637895
12000000,62500000,50500000
68000000,118471320,50471320
20000000,70433227,50433227
140000000,190418803,50418803
40000000,90411453,50411453
8000000,58401464,50401464
80000000,130319208,50319208
55000000,105263257,50263257
130000000,180202163,50202163
15000000,65192350,50192350
45000000,95149435,50149435
125000000,175003033,50003033
6500000,56190094,49690094
70000000,119654823,49654823
30000000,79576189,49576189
22000000,71516617,49516617
22500000,71985628,49485628
10500000,59936321,49436321
55000000,104354205,49354205
25000000,74273505,49273505
60000000,109205660,49205660
20500000,69701637,49201637
32000000,81150692,49150692
20000000,69148997,49148997
40000000,89138076,49138076
15000000,64003625,49003625
5000000,53900335,48900335
13000000,61705123,48705123
135000000,183637894,48637894
45000000,93466502,48466502
100000000,148438600,48438600
29000000,77339130,48339130
35000000,83299761,48299761
20000000,68261644,48261644
4500000,52700832,48200832
80000000,128200012,48200012
32000000,80197993,48197993
3000000,51100000,48100000
31000000,79096868,48096868
40000000,88055283,48055283
7303082,55334418,48031336
80000000,128012934,48012934
17000000,65002019,48002019
17000000,65001093,48001093
27000000,74888996,47888996
38000000,85846296,47846296
55000000,102826543,47826543
6500000,54215416,47715416
50000000,97690976,47690976
9500000,57176582,47676582
46000000,93607673,47607673
18000000,65535067,47535067
130000000,177397510,47397510
20000000,67383924,47383924
14000000,61356221,47356221
70000000,117323878,47323878
48000000,95308367,47308367
31500000,78800000,47300000
35000000,82258456,47258456
45000000,92115211,47115211
18000000,65070412,47070412
151500000,198539855,47039855
13000000,60008303,47008303
70000000,116877597,46877597
30000000,76808654,46808654
18500000,65233369,46733369
325000,47000000,46675000
55000000,101530738,46530738
30000000,76501438,46501438
25000000,71500556,46500556
60000000,106429941,46429941
15000000,61400000,46400000
25000000,71309760,46309760
6000000,52302978,46302978
100000000,146282411,46282411
24000000,70269899,46269899
40000000,86260045,46260045
40000000,86208010,46208010
35000000,81159365,46159365
60000000,106126012,46126012
10000000,56094360,46094360
42000000,88073507,46073507
28000000,74058698,46058698
46000000,92027888,46027888
11500000,57469179,45969179
10800000,56746769,45946769
5000000,50856010,45856010
65000000,110825712,45825712
75000000,120776832,45776832
2800000,48570885,45770885
25000000,70662220,45662220
20000000,65653242,45653242
30000000,75468583,45468583
55000000,100407760,45407760
55000000,100328194,45328194
35000000,80277646,45277646
110000000,155190832,45190832
3000000,48086903,45086903
63000000,108085305,45085305
150000000,195042377,45042377
25000,45000000,44975000
13000000,57924679,44924679
5500000,50406346,44906346
30000000,74787599,44787599
80000000,124685242,44685242
30000000,74494381,44494381
19500000,63859435,44359435
13000000,57300000,44300000
8000000,52287414,44287414
60000000,104148781,44148781
400000,44540956,44140956
28000000,72110659,44110659
35000000,79091969,44091969
40000000,83911193,43911193
75000000,118871849,43871849
180000000,223808164,43808164
35000000,78716374,43716374
55000000,98711404,43711404
45000000,88625922,43625922
9000000,52597610,43597610
4500000,47923795,43423795
28000000,71399120,43399120
15000000,58269151,43269151
52500000,95720716,43220716
20000000,62950384,42950384
13700000,56598476,42898476
12000000,54731865,42731865
75000000,117723989,42723989
85000000,127706877,42706877
60000000,102705852,42705852
23000000,65647413,42647413
27000000,69586544,42586544
4800000,47326473,42526473
40000000,82522790,42522790
71682975,114197520,42514545
12000000,54513740,42513740
3500000,45950122,42450122
90000000,132384315,42384315
10000000,52293000,42293000
28000000,70259870,42259870
10000000,52218558,42218558
120000000,162192920,42192920
178000000,220159104,42159104
13000000,55121623,42121623
18000000,60062868,42062868
18000000,60060328,42060328
220000000,262030663,42030663
130000000,171958438,41958438
11000000,52929168,41929168
78000000,119793567,41793567
30250000,72021008,41771008
50000000,91742160,41742160
18000000,59735548,41735548
18000000,59689605,41689605
40000000,81612565,41612565
25000000,66528000,41528000
16500000,58011485,41511485
23000000,64460211,41460211
15000000,56441711,41441711
60000000,101413188,41413188
40000000,81292135,41292135
48000000,89256424,41256424
3600000,44785053,41185053
85000000,126181630,41181630
50000000,91137662,41137662
24000000,65028687,41028687
72000000,112950721,40950721
6000000,46840590,40840590
10000000,50752337,40752337
160000000,200676069,40676069
4000000,44585453,40585453
17500000,58017783,40517783
13000000,53424681,40424681
27500000,67900000,40400000
50000000,90282580,40282580
15000000,55204525,40204525
60000000,100170152,40170152
80000000,120146040,40146040
20000000,60095852,40095852
150000000,190068280,40068280
105000000,144801023,39801023
5000000,44793222,39793222
12000000,51739495,39739495
26000000,65705772,39705772
19000000,58571513,39571513
51000000,90570999,39570999
11000000,50474843,39474843
5000000,44467206,39467206
13200000,52543632,39343632
15000000,54333290,39333290
25000000,64321890,39321890
21000000,60311495,39311495
84000000,123307945,39307945
28000000,67300955,39300955
31000000,70300000,39300000
1800000,41034350,39234350
550000,39754601,39204601
8500000,47695371,39195371
12800000,51872378,39072378
18000000,57027435,39027435
2200000,41158757,38958757
10000000,48958273,38958273
28000000,66954149,38954149
55000000,93932896,38932896
11000000,49793054,38793054
5000000,43787265,38787265
190000000,228778661,38778661
7000000,45729221,38729221
50000000,88715192,38715192
50000000,88634237,38634237
170000000,208545589,38545589
12000000,50316123,38316123
45000000,83287363,38287363
125000000,163214888,38214888
35000000,73178547,38178547
17000000,55041738,38041738
16000000,53977250,37977250
45000000,82931301,37931301
3500000,41411015,37911015
5000000,42872467,37872467
22000000,59700064,37700064
6000000,43700000,37700000
38000000,75671262,37671262
20000000,57598247,37598247
10000000,47566524,37566524
14000000,51545952,37545952
2500000,40041683,37541683
17000000,54239856,37239856
94000000,131144183,37144183
19000000,56127162,37127162
8000000,45064915,37064915
9400000,46300000,36900000
16000000,52894169,36894169
5000000,41833347,36833347
20000000,56671993,36671993
140000000,176654505,36654505
17000000,53652140,36652140
1000000,37600000,36600000
7200000,43800000,36600000
30000000,66502573,36502573
30000000,66486205,36486205
20000000,56398162,36398162
55000000,91387195,36387195
10000000,46383639,36383639
30000000,66380662,36380662
28000000,64378093,36378093
13000000,49369899,36369899
20000000,56245075,36245075
13000000,49121934,36121934
50000000,86089513,36089513
6000000,42000000,36000000
7500000,43492389,35992389
6500000,42488161,35988161
38000000,73921000,35921000
28000000,63914167,35914167
18000000,53883989,35883989
12300000,48092846,35792846
40000000,75764672,35764672
13000000,48637684,35637684
11000000,46566212,35566212
65000000,100539043,35539043
40000000,75505856,35505856
65000000,100468793,35468793
65000000,100458310,35458310
25000000,60457138,35457138
210000000,245439076,35439076
26000000,61308153,35308153
40000000,75305995,35305995
90000000,125305545,35305545
37000000,72286779,35286779
3000000,38168022,35168022
14000000,49130588,35130588
2700000,37799643,35099643
36000000,71026631,35026631
105000000,140015224,35015224
30000000,65005217,35005217
15000000,50003303,35003303
8000000,43000000,35000000
15000000,50000000,35000000
200000000,234770996,34770996
175000000,209726015,34726015
85000000,119725280,34725280
55000000,89706988,34706988
18000000,52698535,34698535
20000000,54611903,34611903
6900000,41410568,34510568
73000000,107509366,34509366
2250000,36690067,34440067
50000000,84351197,34351197
86000000,120277854,34277854
15000000,49275340,34275340
94000000,128261724,34261724
30000000,64251538,34251538
4000000,38251425,34251425
1700000,35930604,34230604
30000000,64172251,34172251
40000000,74103820,34103820
29000000,63077560,34077560
10000000,44069456,34069456
20000000,54030051,34030051
70000000,104029443,34029443
20000000,53976987,33976987
18000000,51973029,33973029
200000000,233921534,33921534
35000000,68915888,33915888
600000,34505110,33905110
17500000,51386611,33886611
6000000,39846344,33846344
22000000,55762229,33762229
13000000,46729374,33729374
21000000,54724696,33724696
24000000,57682904,33682904
30000000,63658910,33658910
9500000,43100000,33600000
20000000,53548586,33548586
30000000,63536011,33536011
27000000,60527873,33527873
60000000,93375151,33375151
60000000,93354918,33354918
24000000,57262492,33262492
14000000,47212904,33212904
30000000,63172463,33172463
7000000,40157856,33157856
38000000,71091594,33091594
500000,33456317,32956317
15000000,47860214,32860214
15000000,47811275,32811275
14000000,46800000,32800000
19000000,51733921,32733921
110000000,142614158,32614158
35000000,67544505,32544505
2000000,34522221,32522221
19000000,51438175,32438175
28000000,60400856,32400856
26000000,58331254,32331254
40000000,72313754,32313754
80000000,112276146,32276146
40000000,72266306,32266306
22000000,54235441,32235441
36000000,68208190,32208190
37000000,69179066,32179066
85000000,117144465,32144465
20000000,52076908,32076908
8000000,40066497,32066497
40000000,72013010,32013010
4000000,36006065,32006065
145000000,177002924,32002924
4000000,36000000,32000000
50000000,81903458,31903458
26000000,57891803,31891803
14500000,46338728,31838728
129000000,160791800,31791800
1000000,32789645,31789645
4400000,36145695,31745695
13000000,44726644,31726644
6400000,38019031,31619031
50000000,81526121,31526121
25000000,56505065,31505065
2777000,34063405,31286405
45000000,76261036,31261036
30000000,61255921,31255921
99000000,130178411,31178411
13000000,44137712,31137712
70000000,101068340,31068340
500000,31559560,31059560
5000000,36049540,31049540
21000000,52037603,31037603
150000000,181030624,31030624
50000000,81022333,31022333
5000000,36000000,31000000
28000000,58990765,30990765
25000000,55973336,30973336
8500000,39471742,30971742
30000000,60857262,30857262
2500000,33349941,30849941
40000000,70836296,30836296
10000000,40826341,30826341
22000000,52767889,30767889
60000000,90757863,30757863
90000000,120620254,30620254
70000000,100614858,30614858
60000000,90580000,30580000
30000000,60494212,30494212
10000000,40485039,30485039
40000000,70405498,30405498
45000000,75395035,30395035
2600000,32980880,30380880
60000000,90380162,30380162
5500000,35811509,30311509
23000000,53302314,30302314
3000000,33300000,30300000
7000000,37295394,30295394
27000000,57229890,30229890
11000000,41227069,30227069
3200000,33395426,30195426
150000000,180174880,30174880
40000000,70165972,30165972
100000000,130164645,30164645
30000000,60110313,30110313
80000000,110101975,30101975
102000000,132024714,30024714
500000,30500882,30000882
22000000,51970690,29970690
50000000,79957634,29957634
15000000,44906632,29906632
150000000,179883157,29883157
5000000,34872033,29872033
20000000,49823037,29823037
2500000,32244051,29744051
3000000,32653000,29653000
23000000,52614445,29614445
25000000,54607383,29607383
35000000,64604977,29604977
16000000,45512466,29512466
5000000,34469210,29469210
70000000,99112101,29112101
10000000,39100000,29100000
25000000,54098051,29098051
35000000,63939454,28939454
70000000,98927592,28927592
1650000,30500000,28850000
65000000,93828745,28828745
35000000,63826569,28826569
30000000,58715510,28715510
17000000,45710178,28710178
125000000,153707064,28707064
16000000,44667095,28667095
10000000,38623460,28623460
22000000,50621733,28621733
40000000,68549695,28549695
20000000,48548426,28548426
26000000,54544638,28544638
20000000,48430258,28430258
7000000,35400000,28400000
11000000,39387284,28387284
75000000,103365956,28365956
25000000,53345287,28345287
60000000,88200225,28200225
30000000,58156435,28156435
29000000,57141459,28141459
31000000,59076019,28076019
35000000,63075011,28075011
15000000,43057470,28057470
10000000,38052832,28052832
42000000,70052444,28052444
55000000,83015089,28015089
4000000,31983777,27983777
15000000,42930462,27930462
10000000,37904175,27904175
20000000,47901582,27901582
31000000,58884188,27884188
20000000,47852604,27852604
24000000,51802742,27802742
10000000,37800000,27800000
85000000,112735375,27735375
15000000,42734455,27734455
15000000,42725475,27725475
54000000,81676888,27676888
12000000,39673162,27673162
11000000,38665260,27665260
3400000,31063038,27663038
5800000,33395426,27595426
25000000,52543354,27543354
21500000,49033882,27533882
17000000,44480275,27480275
5000000,32462372,27462372
32000000,59450353,27450353
10000000,37402877,27402877
16500000,43848100,27348100
29000000,56330657,27330657
11000000,38322743,27322743
20000000,47319572,27319572
4000000,31273922,27273922
53000000,80270227,27270227
1000000,28262574,27262574
150000000,177243721,27243721
40000000,67209615,27209615
7000000,34099640,27099640
8000000,35095904,27095904
9000000,36049108,27049108
8000000,35016118,27016118
12000000,39012241,27012241
22000000,49008662,27008662
5600000,32543449,26943449
8000000,34873513,26873513
30000000,56816662,26816662
40000000,66808615,26808615
28000000,54800000,26800000
11000000,37780486,26780486
20000000,46752382,26752382
28000000,54730625,26730625
10000000,36696761,26696761
25000000,51676606,26676606
16000000,42670410,26670410
8500000,35161554,26661554
25000000,51580136,26580136
85000000,111549836,26549836
16500000,42993774,26493774
40000000,66477700,26477700
30000000,56443120,26443120
140000,26572439,26432439
45000000,71423726,26423726
1500000,27854931,26354931
35000000,61280963,26280963
45000000,71277420,26277420
10000000,36230219,26230219
9000000,35144505,26144505
12000000,38108728,26108728
25000000,51100486,26100486
145000000,171091819,26091819
175000000,201091711,26091711
30000000,56068547,26068547
15000000,41003371,26003371
10000000,36000000,26000000
50000000,75941727,25941727
13000000,38934842,25934842
18000000,43869350,25869350
18000000,43853424,25853424
10000000,35819556,25819556
32000000,57744720,25744720
12000000,37709979,25709979
50000000,75624550,25624550
50000000,75605492,25605492
18000000,43601508,25601508
20000000,45542421,25542421
7000000,32539681,25539681
8500000,34030343,25530343
65000000,90454043,25454043
12000000,37400000,25400000
6500000,31899000,25399000
50000000,75367693,25367693
15000000,40283321,25283321
7000000,32241649,25241649
102000000,127195589,25195589
12000000,37188667,25188667
13000000,38177966,25177966
45000000,70141876,25141876
9000000,34102780,25102780
77000000,102084362,25084362
10000000,35073978,25073978
17000000,42065185,25065185
20000000,45055776,25055776
35000000,60054449,25054449
19000000,44017374,25017374
7500000,32425665,24925665
100000000,124870275,24870275
79000000,103860290,24860290
35000000,59843754,24843754
26000000,50800000,24800000
21000000,45785720,24785720
7500000,32281907,24781907
17000000,41778863,24778863
6900000,31611916,24711916
35000000,59699513,24699513
110000000,134529403,24529403
7000000,31501218,24501218
18000000,42469946,24469946
3900000,28350000,24450000
39000000,63414846,24414846
165000000,189412677,24412677
16000000,40363530,24363530
210000000,234362462,24362462
28000000,52353636,24353636
18000000,42340598,24340598
2500000,26782316,24282316
9000000,33244684,24244684
3500000,27731527,24231527
75000000,99215042,24215042
40000000,64167069,24167069
28000000,52131264,24131264
10000000,34121140,24121140
14000000,38116707,24116707
15000000,39100956,24100956
11500000,35593113,24093113
1800000,25878153,24078153
80000000,104054514,24054514
25000000,49042224,24042224
3500000,27467564,23967564
38000000,61894591,23894591
8500000,32381218,23881218
26000000,49875291,23875291
55000000,78750909,23750909
8500000,32222567,23722567
1800000,25504513,23704513
50000000,73701902,23701902
30000000,53695808,23695808
40000000,63686397,23686397
10000000,33679655,23679655
250000,23894000,23644000
15700000,39282227,23582227
20000000,43549096,23549096
1200000,24741667,23541667
16000000,39517763,23517763
18000000,41382841,23382841
16500000,39868642,23368642
30000000,53359111,23359111
2500000,25857416,23357416
37000000,60355347,23355347
175000000,198351526,23351526
18000000,41300105,23300105
10000000,33253609,23253609
25000000,48237389,23237389
5000000,28200000,23200000
1000000,24146161,23146161
658000,23800000,23142000
10000000,33078266,23078266
30000000,53059911,23059911
18000000,41059716,23059716
2500000,25533818,23033818
30000000,53032453,23032453
80000000,103028109,23028109
165000000,188017894,23017894
10000000,33000000,23000000
30000000,52990775,22990775
15000000,37882551,22882551
15000000,37880356,22880356
30000000,52880016,22880016
19000000,41867960,22867960
10350000,33201661,22851661
2000000,24800000,22800000
32000000,54712227,22712227
5000000,27695246,22695246
60000000,82670733,22670733
100000,22764410,22664410
20000000,42656255,22656255
2000000,24600832,22600832
4500000,27092880,22592880
60000000,82571173,22571173
25000000,47545060,22545060
80000000,102543518,22543518
15000000,37495385,22495385
2000000,24464742,22464742
30000000,52421953,22421953
75000000,97387965,22387965
2000000,24379978,22379978
38000000,60323786,22323786
11000000,33307793,22307793
5000000,27298285,22298285
5000000,27288872,22288872
25000000,47279279,22279279
45000000,67264877,22264877
28000000,50255310,22255310
30000000,52210049,22210049
31000000,53208180,22208180
10000000,32149404,22149404
2883848,25000000,22116152
10000000,32100816,22100816
58000000,80069458,22069458
45000000,67061228,22061228
20000000,41975388,21975388
35000000,56968169,21968169
8500000,30376755,21876755
14000000,35856053,21856053
19000000,40846082,21846082
54000000,75802010,21802010
3000000,24793251,21793251
45000000,66790248,21790248
51000000,72779000,21779000
73243106,94999143,21756037
7000000,28750530,21750530
8250000,30000000,21750000
25000000,46743809,21743809
21000000,42739347,21739347
66000000,87707396,21707396
27500000,49200230,21700230
3000000,24646936,21646936
3500000,25138705,21638705
16000000,37634615,21634615
20000000,41596251,21596251
3500000,25091816,21591816
30000000,51573925,21573925
2100000,23600000,21500000
8000000,29499394,21499394
10000000,31487293,21487293
6000000,27457409,21457409
80000000,101440743,21440743
30000000,51432423,21432423
4000000,25379975,21379975
48000000,69304264,21304264
16000000,37300107,21300107
21000000,42273609,21273609
46000000,67263182,21263182
55000000,76223578,21223578
40000000,61153526,21153526
80000000,101117573,21117573
82000000,103068524,21068524
30000000,51041856,21041856
14000000,35025791,21025791
24000000,45018541,21018541
10000000,31011616,21011616
5000000,26010864,21010864
30000000,50980159,20980159
39000000,59950623,20950623
17000000,37939782,20939782
65000000,85911262,20911262
26000000,46896664,20896664
15000000,35893537,20893537
20000000,40847995,20847995
35000000,55802754,20802754
5000000,25801570,20801570
14000000,34729091,20729091
38000000,58709717,20709717
14000000,34700000,20700000
8500000,29200000,20700000
61000000,81697192,20697192
11000000,31672000,20672000
17000000,37667746,20667746
10000000,30651422,20651422
45000000,65598907,20598907
60000000,80574010,20574010
10000000,30564825,20564825
5000000,25544867,20544867
90000000,110515313,20515313
50000000,70511035,20511035
1250000,21722776,20472776
53000000,73357727,20357727
1100000,21445318,20345318
35000000,55340730,20340730
30000000,50327960,20327960
10000000,30306281,20306281
80000000,100246011,20246011
6000000,26238243,20238243
110000000,130179072,20179072
37000000,57139723,20139723
19000000,39123589,20123589
10000000,30093107,20093107
25000000,45090374,20090374
28000000,48071303,20071303
60000000,80070736,20070736
15000000,35060689,20060689
10000000,30050028,20050028
15000000,35007180,20007180
6000000,26004026,20004026
12000000,32000304,20000304
25000000,44942821,19942821
3800000,23689877,19889877
5000000,24814830,19814830
10000000,29790236,19790236
30000000,49772522,19772522
10000000,29747603,19747603
20000000,39739367,19739367
2200000,21930418,19730418
12000000,31691811,19691811
1500000,21158188,19658188
4833610,24475416,19641806
12000000,31597131,19597131
40000000,59588068,19588068
15000000,34562222,19562222
7000000,26533200,19533200
26000000,45506619,19506619
10000000,29500000,19500000
36000000,55500000,19500000
26000000,45489752,19489752
25000000,44480039,19480039
5000000,24431472,19431472
12000000,31418697,19418697
2800000,22202809,19402809
16000000,35374833,19374833
15000000,34366783,19366783
48000000,67363237,19363237
8000000,27362712,19362712
10000000,29317886,19317886
15000000,34308901,19308901
20000000,39263506,19263506
130000000,149260504,19260504
6000000,25244700,19244700
21000000,40222729,19222729
100000000,119219978,19219978
24000000,43218387,19218387
12000000,31203964,19203964
12000000,31155435,19155435
35000000,54149098,19149098
5000000,24148068,19148068
20000000,39143839,19143839
6000000,25059640,19059640
9000000,28051045,19051045
65000000,84049211,19049211
7000000,26024456,19024456
11000000,30014534,19014534
25000000,43984987,18984987
5500000,24477704,18977704
142000000,160942139,18942139
10000000,28873374,18873374
15000000,33862903,18862903
40000000,58855732,18855732
15000000,33771174,18771174
33000000,51758599,18758599
17000000,35662731,18662731
100000000,118627117,18627117
20000000,38583626,18583626
3000000,21576018,18576018
10000000,28564995,18564995
7000000,25532388,18532388
48000000,66488090,18488090
10000000,28444855,18444855
130000000,148415853,18415853
15000000,33392973,18392973
22000000,40270895,18270895
20000000,38264085,18264085
3000000,21163999,18163999
8000000,26124872,18124872
8000000,26068955,18068955
42000000,60054530,18054530
5000000,23047939,18047939
32000000,50041732,18041732
25000000,43035725,18035725
40000000,58009200,18009200
12000000,30000000,18000000
7000000,25000000,18000000
3000000,20966644,17966644
23000000,40962534,17962534
8000000,25928550,17928550
60000000,77906816,17906816
66000000,83898313,17898313
40000000,57887882,17887882
19000000,36843682,17843682
50000000,67823573,17823573
40000000,57806952,17806952
7000000,24801212,17801212
24000000,41798224,17798224
31000000,48791187,17791187
15000000,32752215,17752215
4000000,21750000,17750000
10000000,27740955,17740955
20000000,37672944,17672944
15000000,32647042,17647042
6500000,24103594,17603594
1500000,19097550,17597550
7000000,24567751,17567751
115000000,132556852,17556852
20000000,37537675,17537675
1000000,18494006,17494006
20000000,37442180,17442180
16000000,33357476,17357476
3250000,20605209,17355209
27000000,44342956,17342956
6000000,23341568,17341568
35000000,52333738,17333738
45000000,62318875,17318875
53012938,70327868,17314930
7500000,24793509,17293509
1200000,18492362,17292362
170000000,187224605,17224605
25000000,42222647,17222647
50000000,67172595,17172595
28000000,45172250,17172250
3000000,20123742,17123742
1000000,18119640,17119640
27000000,44089964,17089964
40000000,57012977,17012977
5000000,21995263,16995263
1000000,17985000,16985000
100000000,116900694,16900694
30000000,46889293,16889293
20000000,36880033,16880033
28000000,44853581,16853581
32000000,48814909,16814909
4000000,20811365,16811365
32000000,48795601,16795601
21000000,37729698,16729698
15000000,31726995,16726995
55000000,71724497,16724497
50000000,66711892,16711892
11000000,27693292,16693292
25000000,41675994,16675994
20000000,36661504,16661504
14000000,30628981,16628981
10000000,26594261,16594261
55000000,71565669,16565669
5000000,21502690,16502690
500000,17000000,16500000
33500000,50000000,16500000
4300000,20779666,16479666
8000000,24474312,16474312
3000000,19472057,16472057
2800000,19170001,16370001
2000000,18344729,16344729
41000000,57342725,16342725
5900000,22231658,16331658
7000000,23247539,16247539
23000000,39235088,16235088
5000000,21222315,16222315
10000000,26218170,16218170
3000000,19184820,16184820
4000000,20182359,16182359
6000000,22168359,16168359
25000000,41076865,16076865
24000000,40020622,16020622
2000000,18016290,16016290
50000000,66010682,16010682
13000000,28972187,15972187
14000000,29959436,15959436
54000000,69951824,15951824
12500000,28436931,15936931
30000000,45892212,15892212
15000000,30857000,15857000
20000000,35841901,15841901
12000000,27838408,15838408
45000000,60786269,15786269
5000000,20773069,15773069
60000000,75764085,15764085
5000000,20733485,15733485
10000000,25697647,15697647
24000000,39687694,15687694
5000000,20659423,15659423
60000000,75658097,15658097
80000000,95632614,15632614
20000000,35606376,15606376
21000000,36605602,15605602
3000000,18600000,15600000
9000000,24538513,15538513
110000000,125531634,15531634
60000000,75530832,15530832
20000000,35450113,15450113
22700000,38119483,15419483
18000000,33404871,15404871
60000000,75383563,15383563
38000000,53374681,15374681
10000000,25358996,15358996
6000000,21305259,15305259
110000000,125304276,15304276
60000000,75286229,15286229
12000000,27281507,15281507
15000000,30259652,15259652
150000000,165249063,15249063
15000000,30226144,15226144
25000000,40222514,15222514
900000,16098998,15198998
40000000,55143823,15143823
15000000,30127963,15127963
25000000,40108697,15108697
28000000,43107979,15107979
55000000,70098138,15098138
1100000,16186348,15086348
62000000,77086030,15086030
41000000,56083966,15083966
1000000,16067035,15067035
35000000,50065850,15065850
20000000,35061031,15061031
150000,15200000,15050000
30000000,45015999,15015999
12000000,27007844,15007844
46000000,61002302,15002302
15000000,30000000,15000000
42000000,57000000,15000000
1125000,16124543,14999543
7400000,22395806,14995806
40000000,54979992,14979992
13000000,27979399,14979399
78000000,92955420,14955420
30000000,44947622,14947622
27500000,42436517,14936517
80000000,94835059,14835059
8000000,22800000,14800000
61000000,75612460,14612460
3000000,17570324,14570324
8000000,22549338,14549338
60000000,74541707,14541707
35000000,49492060,14492060
3000000,17489009,14489009
45000000,59472278,14472278
40000000,54445357,14445357
5000000,19438638,14438638
5000000,19421271,14421271
25000000,39402572,14402572
6000000,20400000,14400000
600000,15000000,14400000
10000000,24397469,14397469
20000000,34366518,14366518
20000000,34341945,14341945
30000000,44338224,14338224
15000000,29331068,14331068
20000000,34302837,14302837
20000000,34296320,14296320
3200000,17493096,14293096
36000000,50269859,14269859
40000000,54228104,14228104
26000000,40168080,14168080
36000000,50159144,14159144
13000000,27151490,14151490
15000000,29145924,14145924
5000000,19115191,14115191
12500000,26593646,14093646
13000000,27066941,14066941
25000000,39053061,14053061
3000000,17052128,14052128
5000000,19032000,14032000
22000000,36020063,14020063
27000000,41012075,14012075
3500000,17504595,14004595
7000000,21000000,14000000
31000000,44983704,13983704
3500000,17418667,13918667
13000000,26904572,13904572
12000000,25885000,13885000
27000000,40803000,13803000
30000000,43746923,13746923
8000000,21706101,13706101
5000000,18656400,13656400
60000000,73648228,13648228
15000000,28638916,13638916
95000000,108638745,13638745
45000000,58617334,13617334
10000000,23591043,13591043
13000000,26570048,13570048
18000000,31567134,13567134
1000000,14564000,13564000
70000000,83552429,13552429
68000000,81476385,13476385
14000000,27450453,13450453
20000000,33446470,13446470
1000000,14444999,13444999
3100000,16501785,13401785
17000000,30331165,13331165
4000000,17329487,13329487
12000000,25326071,13326071
12000000,25317379,13317379
200000,13500000,13300000
7000000,20257000,13257000
47000000,60240295,13240295
25000000,38230435,13230435
55000000,68224452,13224452
35000000,48169910,13169910
16000000,29090445,13090445
40000000,53089891,13089891
15000000,28084357,13084357
8500000,21569509,13069509
30000000,43037835,13037835
1500000,14533681,13033681
33000000,46009673,13009673
46000000,59003384,13003384
80000000,92993801,12993801
11000000,23978402,12978402
3000000,15935068,12935068
7000000,19910002,12910002
3500000,16376066,12876066
20000000,32774834,12774834
5000000,17768757,12768757
25000000,37738810,12738810
16000000,28734552,12734552
19000000,31713110,12713110
38000000,50699241,12699241
5000000,17686929,12686929
13000000,25682380,12682380
1200000,13876974,12676974
2000000,14674077,12674077
48000000,60652036,12652036
30000000,42647449,12647449
30000000,42629776,12629776
6000000,18621249,12621249
13000000,25593755,12593755
9000000,21571189,12571189
5000000,17547999,12547999
54000000,66520529,12520529
90000000,102515793,12515793
15000000,27441122,12441122
13000000,25440971,12440971
35000000,47425125,12425125
30000000,42400223,12400223
5000000,17390770,12390770
45000000,57362581,12362581
190000000,202359711,12359711
40000000,52330111,12330111
50200000,62495645,12295645
18000000,30272254,12272254
6000000,18107621,12107621
30000000,42100625,12100625
60000000,72091016,12091016
30000000,42073277,12073277
30000000,42070939,12070939
20000000,32051917,12051917
8000000,20036244,12036244
48000000,60022256,12022256
15000000,27020284,12020284
20000000,32015787,12015787
20000000,32010860,12010860
40000000,52000688,12000688
3000000,15000000,12000000
114000,12087064,11973064
11000000,22958583,11958583
120000000,131921738,11921738
2500000,14400000,11900000
40000000,51853450,11853450
20000000,31841299,11841299
25000000,36833473,11833473
250000,12006514,11756514
35000000,46697321,11697321
20000000,31678778,11678778
7000000,18642318,11642318
6000000,17606684,11606684
10000000,21590086,11590086
6000000,17583468,11583468
14000000,25571351,11571351
10600000,22163442,11563442
2000000,13539710,11539710
27000000,38536376,11536376
18000000,29511112,11511112
8500000,20007149,11507149
14000000,25482931,11482931
65000,11529368,11464368
55000000,66458769,11458769
25000000,36447959,11447959
15000000,26421314,11421314
10000000,21416355,11416355
15000000,26410771,11410771
26000000,37397291,11397291
28000000,39360491,11360491
25000000,36351350,11351350
22000000,33316821,11316821
125000000,136314294,11314294
65000000,76233151,11233151
55000000,66207920,11207920
80000000,91188905,11188905
40000000,51185000,11185000
4000000,15179303,11179303
20000000,31177548,11177548
15000000,26167002,11167002
2000000,13129846,11129846
10000000,21120616,11120616
32000000,43095856,11095856
16000000,27087695,11087695
207000000,218080025,11080025
9000000,20035310,11035310
5000000,16017403,11017403
14000000,25011000,11011000
37000000,48006762,11006762
4000000,15000000,11000000
1800000,12795746,10995746
25000000,35990505,10990505
26000000,36985501,10985501
12000000,22921898,10921898
90000000,100920329,10920329
16000000,26902075,10902075
1700000,12590147,10890147
40000000,50866635,10866635
17000000,27865571,10865571
8000000,18848430,10848430
35000000,45819713,10819713
35000000,45802315,10802315
10000000,20777061,10777061
10000000,20766000,10766000
245000,11000000,10755000
12000000,22744718,10744718
2000000,12739737,10739737
2300000,12985600,10685600
12000000,22673340,10673340
25000000,35623801,10623801
40000000,50572589,10572589
2500000,13011160,10511160
7000000,17506470,10506470
3500000,14000000,10500000
50000000,60470220,10470220
80000000,90463534,10463534
30000000,40435190,10435190
25000000,35418723,10418723
4000000,14400000,10400000
10000000,20384136,10384136
50000,10426506,10376506
6500000,16875273,10375273
28000000,38372662,10372662
12000000,22348241,10348241
10000000,20342852,10342852
10000000,20342161,10342161
1500000,11806119,10306119
70000000,80281096,10281096
9300000,19571091,10271091
30000000,40259119,10259119
127500000,137748063,10248063
4000000,14237880,10237880
3000000,13200000,10200000
5500000,15700000,10200000
11000000,21171695,10171695
17000000,27163593,10163593
5000000,15126948,10126948
30000000,40118420,10118420
20000000,30113491,10113491
20000000,30101577,10101577
8000000,18090181,10090181
100000,10178331,10078331
20000000,30060660,10060660
7000000,17044981,10044981
7500000,17544812,10044812
90000000,100018837,10018837
15000000,25018119,10018119
25000000,35017297,10017297
90000000,100012499,10012499
3000000,13000000,10000000
5000000,15000000,10000000
17000000,26918576,9918576
110000,10000000,9890000
70000000,79883359,9883359
13000000,22858926,9858926
40000000,49851591,9851591
10000000,19843795,9843795
37000000,46843513,9843513
5000000,14843425,9843425
8000000,17843379,9843379
2500000,12300000,9800000
20000000,29795299,9795299
7000000,16794432,9794432
3300000,13092006,9792006
15000000,24769466,9769466
45000000,54767494,9767494
1250000,11000000,9750000
21000000,30718107,9718107
25000000,34657731,9657731
350000,10000000,9650000
5000000,14600000,9600000
53000000,62575678,9575678
30000000,39568996,9568996
8000000,17550872,9550872
2000000,11540607,9540607
12000000,21540363,9540363
3500000,13000000,9500000
1039000,10462500,9423500
300000000,309420425,9420425
8000000,17394881,9394881
11000000,20388920,9388920
5000000,14343976,9343976
672000,10000000,9328000
44000000,53300852,9300852
3500000,12800000,9300000
150000,9445857,9295857
2000000,11284657,9284657
13000000,22235901,9235901
9000000,18225165,9225165
24000000,33208099,9208099
103000000,112200072,9200072
50000000,59157732,9157732
12000000,21133087,9133087
5000000,14124286,9124286
3500000,12600000,9100000
12000000,21089146,9089146
20000000,29062561,9062561
28000000,37053924,9053924
1000000,10047674,9047674
1000000,10037390,9037390
11000000,20000000,9000000
4000000,13000000,9000000
5000000,13985117,8985117
3000000,11977130,8977130
18000000,26936265,8936265
4500000,13417292,8917292
35000000,43894863,8894863
25000000,33889159,8889159
6000000,14856291,8856291
45000000,53854588,8854588
18000000,26839498,8839498
6000000,14836174,8836174
7000000,15821461,8821461
9000000,17804273,8804273
35000000,43799818,8799818
43000000,51768623,8768623
19000000,27758465,8758465
30000000,38747385,8747385
1000000,9737892,8737892
8000000,16734283,8734283
3000000,11718595,8718595
2300000,11000000,8700000
910000,9600000,8690000
25000000,33680992,8680992
24000000,32662299,8662299
22000000,30659817,8659817
5000000,13649881,8649881
50000000,58640119,8640119
48000000,56607223,8607223
18000000,26593580,8593580
4500000,13084595,8584595
12500000,21078145,8578145
200000,8750000,8550000
6000000,14545844,8545844
5000000,13542874,8542874
130000000,138540870,8540870
75000000,83504017,8504017
3500000,12000000,8500000
12500000,20959585,8459585
5000000,13442412,8442412
30000000,38432823,8432823
24000000,32428195,8428195
30000000,38413606,8413606
55000000,63408614,8408614
18000000,26400000,8400000
250000000,258366855,8366855
45000000,53359917,8359917
18000000,26302731,8302731
25000000,33302167,8302167
10000000,18297124,8297124
10000000,18272447,8272447
30000000,38233676,8233676
900000,9097072,8197072
4000000,12178602,8178602
8000000,16170632,8170632
30000000,38122000,8122000
70000000,78120196,8120196
5000000,13099931,8099931
15000000,23089926,8089926
22000000,30080225,8080225
25500000,33579798,8079798
22000000,30059386,8059386
3000000,11052713,8052713
29000000,37036404,8036404
70000000,78031620,8031620
1000000,9015303,8015303
1000000,9000000,8000000
1000000,9000000,8000000
1700000,9700000,8000000
1200000,9180275,7980275
9000000,16963963,7963963
5000000,12961389,7961389
40000000,47958031,7958031
15000000,22954968,7954968
5000000,12947763,7947763
40000000,47907715,7907715
37000000,44875481,7875481
1000000,8866745,7866745
7000000,14853474,7853474
10700000,18542974,7842974
45000000,52842724,7842724
200000,8000000,7800000
4000000,11744471,7744471
17000000,24719879,7719879
10000000,17657973,7657973
16000000,23618786,7618786
7000000,14618727,7618727
500000,8117961,7617961
5000000,12592907,7592907
10000000,17536256,7536256
100000000,107518682,7518682
1500000,9000000,7500000
2500000,10000000,7500000
25000000,32492859,7492859
24000000,31457946,7457946
300000,7718961,7418961
25000000,32404188,7404188
3000000,10400000,7400000
11000000,18388357,7388357
10000000,17380866,7380866
1800000,9164370,7364370
20000000,27277055,7277055
730000,8000000,7270000
2000000,9252038,7252038
2000000,9250000,7250000
5000000,12241072,7241072
9000000,16235738,7235738
6000000,13235267,7235267
5000000,12232628,7232628
7000000,14231669,7231669
16000000,23216709,7216709
26000000,33200000,7200000
15000000,22189039,7189039
25000000,32187017,7187017
2000000,9172000,7172000
10000000,17105219,7105219
8000000,15070285,7070285
700000,7768371,7068371
5000000,12062558,7062558
40000000,47047013,7047013
8000000,15032800,7032800
3000000,10027047,7027047
7000000,14026509,7026509
12000000,19000000,7000000
1800000,8800000,7000000
3000000,10000000,7000000
2160000,9132000,6972000
175000,7137502,6962502
750000,7706436,6956436
35000000,41954997,6954997
4000000,10941801,6941801
19000000,25918920,6918920
30000000,36918811,6918811
18000000,24911670,6911670
20000000,26910736,6910736
100000,7000000,6900000
20000000,26890041,6890041
6500000,13368437,6868437
3500000,10317779,6817779
99000000,105806508,6806508
1000000,7800000,6800000
6000000,12793213,6793213
20000000,26792700,6792700
12000000,18761993,6761993
50000000,56758835,6758835
4000000,10753574,6753574
60000000,66723216,6723216
23000000,29719483,6719483
6000000,12716953,6716953
5000000,11686940,6686940
10000000,16667084,6667084
25000000,31664162,6664162
3000000,9639390,6639390
12000000,18597342,6597342
140000,6706368,6566368
10000000,16535005,6535005
25000000,31526393,6526393
4000000,10525717,6525717
8500000,15024232,6524232
6000000,12500000,6500000
15000000,21468807,6468807
8500000,14943582,6443582
20000000,26418667,6418667
15000000,21403519,6403519
2700000,9054736,6354736
5700000,12044087,6344087
800000,7098492,6298492
30000000,36276286,6276286
14000000,20255281,6255281
9800000,16044025,6244025
1800000,8000000,6200000
1000000,7192291,6192291
1500000,7690044,6190044
10000000,16153000,6153000
1000000,7123919,6123919
4500000,10609321,6109321
4000000,10097096,6097096
10000000,16033556,6033556
36000000,42024533,6024533
17500000,23519128,6019128
45000000,51019112,6019112
8000000,14018296,6018296
3000000,9017070,6017070
40000000,46012734,6012734
3000000,9012000,6012000
18000000,24007324,6007324
20000000,26004851,6004851
15000000,21000147,6000147
5000000,11000000,6000000
5000000,11000000,6000000
3500000,9482579,5982579
30000000,35927406,5927406
40000000,45916769,5916769
32000000,37915414,5915414
1500000,7412216,5912216
6000000,11911200,5911200
4500000,10400000,5900000
6500000,12376563,5876563
1500000,7372734,5872734
10000000,15861566,5861566
24000000,29823162,5823162
3000000,8823109,5823109
4000000,9821335,5821335
80000000,85817906,5817906
15000000,20804166,5804166
2000000,7800000,5800000
1200000,7000000,5800000
1200000,7000000,5800000
16000000,21799652,5799652
6000000,11784569,5784569
8600000,14373825,5773825
5000000,10751126,5751126
17000000,22734486,5734486
20000000,25728961,5728961
13000000,18704596,5704596
50000000,55703475,5703475
20000000,25702053,5702053
35000000,40689393,5689393
12000000,17654912,5654912
45000000,50648679,5648679
65000000,70645997,5645997
6000000,11642254,5642254
14000000,19637147,5637147
7000000,12634962,5634962
30000000,35608245,5608245
5500000,11107431,5607431
48000000,53606916,5606916
2000000,7600000,5600000
15000000,20591853,5591853
20000000,25584685,5584685
5000000,10572742,5572742
25000000,30542576,5542576
1500000,7025722,5525722
1750000,7267324,5517324
1500000,7000000,5500000
6000000,11494838,5494838
9000000,14431633,5431633
5000000,10429707,5429707
4000000,9427026,5427026
10000000,15417771,5417771
7200000,12610552,5410552
53000000,58403409,5403409
18000000,23380203,5380203
2000000,7369373,5369373
12000000,17321573,5321573
500000,5801558,5301558
2000000,7301288,5301288
12000000,17292381,5292381
65000000,70278893,5278893
30000000,35266619,5266619
916000,6179955,5263955
15000000,20218921,5218921
10000000,15198912,5198912
5000000,10166820,5166820
10000000,15164492,5164492
100000,5228617,5128617
10000000,15122676,5122676
250000000,255119788,5119788
35000000,40119709,5119709
3000000,8110621,5110621
8500000,13610521,5110521
20000000,25107267,5107267
50000000,55100437,5100437
3900000,9000000,5100000
25000000,30082699,5082699
7500000,12574914,5074914
13000000,18007317,5007317
1000000,6002451,5002451
28000000,33000377,5000377
1800000,6800000,5000000
50000000,54997476,4997476
120000000,124987022,4987022
18000000,22965110,4965110
9000000,13960394,4960394
40000000,44948240,4948240
1200000,6100000,4900000
3000000,7888000,4888000
24000000,28871190,4871190
3200000,8000000,4800000
3300000,8093373,4793373
210000,5000000,4790000
27000000,31770413,4770413
750000,5520368,4770368
13000000,17742948,4742948
30000000,34742066,4742066
550000,5269990,4719990
2000000,6719300,4719300
3000000,7712114,4712114
1288000,6000000,4712000
4500000,9196278,4696278
35000000,39692139,4692139
65000000,69688384,4688384
8000000,12671300,4671300
5000000,9669521,4669521
2540000,7200000,4660000
28000000,32656328,4656328
5000000,9628751,4628751
20000000,24622687,4622687
9500000,14114000,4614000
5100000,9709597,4609597
10000000,14597405,4597405
25000000,29548291,4548291
16000000,20537137,4537137
2000000,6531503,4531503
60000000,64506874,4506874
1000000,5505267,4505267
3500000,8000000,4500000
10000000,14482031,4482031
18000000,22455510,4455510
1600000,6026908,4426908
53000000,57386369,4386369
1000000,5355847,4355847
2500000,6852971,4352971
25000000,29342592,4342592
23000000,27338033,4338033
12000000,16311571,4311571
200000,4505922,4305922
32000000,36299670,4299670
21000000,25296447,4296447
4000000,8291572,4291572
1000000,5284309,4284309
3000000,7282851,4282851
3300000,7563397,4263397
3000000,7233471,4233471
3768785,8000000,4231215
40000000,44212592,4212592
4000000,8200000,4200000
17000000,21170563,4170563
15000000,19161999,4161999
9000000,13075390,4075390
3000000,7061128,4061128
2000000,6047363,4047363
35000000,39046489,4046489
69000000,73026337,4026337
38000000,42025135,4025135
6000000,10021175,4021175
30000000,34017028,4017028
57000000,61007424,4007424
2000000,6003587,4003587
18500000,22498520,3998520
250000,4210379,3960379
1000000,4946250,3946250
13000000,16929123,3929123
1800000,5719000,3919000
2686000,6600000,3914000
2000000,5904366,3904366
2500000,6401336,3901336
5000000,8886160,3886160
3000000,6879730,3879730
134000,4000000,3866000
42000000,45852178,3852178
21000000,24850922,3850922
15000000,18844784,3844784
22000000,25842377,3842377
25000000,28842237,3842237
4000000,7836393,3836393
7000000,10803211,3803211
2000000,5802208,3802208
1600000,5400000,3800000
2000000,5792822,3792822
5500000,9282750,3782750
13000000,16757163,3757163
10000000,13744960,3744960
3250000,6965361,3715361
600000,4300000,3700000
10000000,13684949,3684949
250000,3930990,3680990
39000000,42674040,3674040
6500000,10155691,3655691
37500000,41152203,3652203
350000,4000000,3650000
150000000,153636354,3636354
1500000,5100000,3600000
4000000,7555256,3555256
250000,3802390,3552390
1500000,5046118,3546118
72000000,75545647,3545647
140000000,143528619,3528619
9400000,12899867,3499867
1100000,4563167,3463167
5000000,8460000,3460000
1250000,4700000,3450000
34000000,37446117,3446117
20000000,23438250,3438250
90000000,93432655,3432655
27500000,30932113,3432113
55000000,58422650,3422650
3180000,6600000,3420000
1000000,4417674,3417674
800000,4198137,3398137
28000000,31390587,3390587
2000000,5383834,3383834
20000000,23364784,3364784
4638783,8000000,3361217
110000000,113330342,3330342
3200000,6529624,3329624
4700000,8025872,3325872
12000000,15323921,3323921
7500000,10823158,3323158
200000,3500000,3300000
2400000,5691854,3291854
42000000,45290318,3290318
16000000,19284974,3284974
500000,3777210,3277210
750000,4010957,3260957
25000000,28241469,3241469
80000000,83240103,3240103
9000000,12232382,3232382
6000000,9204489,3204489
7000000,10199354,3199354
32000000,35193167,3193167
20000000,23186769,3186769
4000000,7159147,3159147
1250000,4404154,3154154
68000,3221152,3153152
21000000,24149393,3149393
250000,3395391,3145391
45000000,48114556,3114556
20000000,23086480,3086480
68000000,71069884,3069884
2900000,5969553,3069553
16000000,19068240,3068240
27000,3073428,3046428
400000,3427696,3027696
87000,3100000,3013000
4000000,7006708,3006708
6200000,9205924,3005924
1100000,4105123,3005123
5000000,8000000,3000000
20000000,22991379,2991379
7500000,10465659,2965659
3500000,6451628,2951628
21500000,24419219,2919219
12000000,14915773,2915773
11000000,13906394,2906394
100000,3000000,2900000
9500000,12391761,2891761
3500000,6391436,2891436
9000000,11862398,2862398
25000,2883661,2858661
200000000,202853933,2853933
50000000,52853219,2853219
3000000,5853194,2853194
1600000,4420000,2820000
25000000,27793018,2793018
7500000,10284523,2784523
2500000,5274005,2774005
50000000,52752475,2752475
150000,2891288,2741288
2627000,5363000,2736000
3000000,5732587,2732587
40000000,42720965,2720965
2500000,5205471,2705471
1900000,4600000,2700000
28000000,30697999,2697999
17000000,19693891,2693891
70000000,72679278,2679278
4300000,6946056,2646056
35000000,37629831,2629831
57500000,60128566,2628566
500000,3121270,2621270
2000000,4601043,2601043
6000000,8596914,2596914
2000000,4593598,2593598
11000000,13592872,2592872
3200000,5790894,2590894
10000000,12589255,2589255
35200000,37788228,2588228
40000000,42587643,2587643
700000,3278611,2578611
23000000,25568251,2568251
11000000,13558739,2558739
10000000,12554569,2554569
35000000,37553932,2553932
100000,2652246,2552246
1350000,3897569,2547569
26000000,28544157,2544157
1700000,4231500,2531500
3000000,5529144,2529144
4000000,6525762,2525762
60000000,62524260,2524260
430000,2938000,2508000
15000000,17507368,2507368
1200000,3700000,2500000
15000000,17498804,2498804
18000000,20497844,2497844
1000000,3496795,2496795
35000000,37490007,2490007
19000000,21488481,2488481
3500000,5923044,2423044
379000,2800000,2421000
40000000,42402632,2402632
13500000,15901849,2401849
1000000,3395581,2395581
10800000,13182281,2382281
30000000,32367005,2367005
30000000,32363404,2363404
1644000,4000000,2356000
300000,2637726,2337726
38000000,40334024,2334024
7800000,10130108,2330108
45000000,47323100,2323100
48000000,50315140,2315140
2000000,4311834,2311834
35000000,37306030,2306030
3500000,5804262,2304262
12000000,14301505,2301505
14000000,16298046,2298046
50000,2335352,2285352
8000000,10273187,2273187
30000000,32267774,2267774
840000,3103407,2263407
450000,2712293,2262293
11000000,13248209,2248209
15000000,17237855,2237855
200000,2430735,2230735
7000000,9228788,2228788
300000,2528664,2228664
80000000,82226474,2226474
7000000,9176933,2176933
7000000,9176000,2176000
325000,2500000,2175000
32000000,34175000,2175000
30000000,32172757,2172757
16500000,18663911,2163911
8000000,10130219,2130219
1000000,3122616,2122616
11000000,13110448,2110448
20000000,22105643,2105643
2900000,5000000,2100000
5000000,7100000,2100000
33000000,35074677,2074677
75000000,77073959,2073959
40000000,42071069,2071069
7000,2040920,2033920
375000,2400000,2025000
15000000,17017811,2017811
12000000,14010363,2010363
10000000,12008642,2008642
4000000,6000000,2000000
2000000,4000000,2000000
700000,2697938,1997938
1500000,3491669,1991669
1000000,2981038,1981038
250000,2210408,1960408
3400000,5353586,1953586
55000000,56932305,1932305
2000000,3885134,1885134
7000000,8824553,1824553
45000000,46815000,1815000
35000000,36805288,1805288
200000,2000000,1800000
40000000,41797066,1797066
5000000,6755271,1755271
30000000,31749894,1749894
10000000,11748661,1748661
18000000,19739000,1739000
18975000,20700082,1725082
6000000,7714996,1714996
32500000,34194407,1694407
17500000,19185184,1685184
55000000,56679192,1679192
1000000,2678010,1678010
13000000,14677674,1677674
1200000,2859955,1659955
650000,2301777,1651777
4200000,5835247,1635247
1200000,2832029,1632029
450000,2075743,1625743
1250000,2850357,1600357
2000000,3591417,1591417
1300000,2868000,1568000
12500000,14060950,1560950
10000000,11560259,1560259
14000000,15549702,1549702
500000,2047570,1547570
10000000,11546543,1546543
20000000,21541218,1541218
130000000,131538435,1538435
22000000,23530831,1530831
13500000,15024049,1524049
14000000,15515460,1515460
1000000,2511476,1511476
15000000,16500786,1500786
100000,1594798,1494798
120000,1597486,1477486
125000000,126477084,1477084
3000000,4417983,1417983
20000000,21413105,1413105
5600000,7009668,1409668
1000000,2402459,1402459
13000000,14394097,1394097
7000000,8373585,1373585
300000,1652472,1352472
5000000,6352306,1352306
50000000,51342000,1342000
2000000,3337931,1337931
2000000,3330230,1330230
60000000,61322858,1322858
19000000,20300218,1300218
100000000,101295562,1295562
400000,1692693,1292693
45000000,46290741,1290741
20000000,21284514,1284514
800000,2073984,1273984
1800000,3050934,1250934
1250000,2500000,1250000
21000000,22245070,1245070
2600000,3827060,1227060
3000000,4210454,1210454
23000,1227508,1204508
350000,1531154,1181154
38000000,39177215,1177215
609000,1782000,1173000
14000000,15171475,1171475
3000000,4170647,1170647
24000000,25170054,1170054
2931000,4100000,1169000
1455000,2620000,1165000
9000000,10161099,1161099
5000000,6157157,1157157
175000,1321194,1146194
3000000,4142507,1142507
2361000,3500000,1139000
60000000,61123569,1123569
3000000,4109095,1109095
35000000,36108758,1108758
5000000,6096582,1096582
5000000,6090172,1090172
3000000,4067398,1067398
3200000,4267219,1067219
14000000,15064948,1064948
1900000,2962242,1062242
1000000,2057193,1057193
6900000,7950889,1050889
312000,1350248,1038248
3000000,4033574,1033574
32000000,33022286,1022286
33000000,34020814,1020814
1200000,2205627,1005627
24000000,25003155,1003155
3000000,4000000,1000000
5800000,6800000,1000000
439000,1438000,999000
1600000,2595644,995644
560000,1537860,977860
75000000,75976178,976178
200000,1161843,961843
20000000,20919166,919166
11800000,12711491,911491
200000,1109808,909808
1500000,2408553,908553
12000000,12905901,905901
3000000,3902679,902679
400000,1293295,893295
225000,1109276,884276
1500000,2380606,880606
8000000,8864699,864699
6000000,6852450,852450
21500000,22331846,831846
2850000,3681066,831066
10000000,10827813,827813
50000000,50824620,824620
2500000,3317468,817468
2700000,3511417,811417
1700000,2507159,807159
225000,1032075,807075
250000,1055671,805671
1200000,2000000,800000
1500000,2300000,800000
12000000,12796861,796861
28000000,28795985,795985
25000000,25794018,794018
26000000,26766213,766213
13000000,13756082,756082
180000,933933,753933
500000,1250798,750798
55000000,55750480,750480
1000000,1744858,744858
50000000,50740078,740078
21000000,21731001,731001
5500000,6217849,717849
1000000,1678874,678874
825000,1500711,675711
6000000,6671283,671283
33000000,33664370,664370
10000,673780,663780
250000,902835,652835
15000000,15634090,634090
500000,1131261,631261
4000000,4630045,630045
500000,1127331,627331
500000,1115313,615313
500000,1111615,611615
3000000,3602884,602884
60000000,60592389,592389
25000000,25590119,590119
2000000,2583301,583301
1500000,2082980,582980
30000000,30577122,577122
10000000,10571408,571408
30000000,30569935,569935
300000,865695,565695
28000000,28563179,563179
10500000,11052958,552958
2600000,3147950,547950
780000,1310470,530470
3250000,3766810,516810
2000000,2512846,512846
11000000,11502976,502976
5000000,5502773,502773
82500000,82985708,485708
500000,985341,485341
66000,541636,475636
7000000,7468936,468936
3000000,3446749,446749
700000,1140965,440965
25100000,25534493,434493
7000,424760,417760
40000000,40412817,412817
12000,413802,401802
850000,1251749,401749
22000000,22400154,400154
14000000,14395874,395874
2000000,2386254,386254
80000000,80360866,360866
16000000,16357770,357770
1000000,1355079,355079
1300000,1647780,347780
95000000,95347692,347692
558000,900000,342000
50000,391674,341674
1700000,2039192,339192
1100000,1436000,336000
18000000,18335230,335230
5000000,5321508,321508
700000,1017107,317107
7000000,7309628,309628
5000000,5308707,308707
2000000,2303792,303792
4000000,4301000,301000
900000,1196321,296321
190000,484592,294592
1000000,1287480,287480
3000000,3287435,287435
35000,321952,286952
2000000,2283849,283849
8000000,8279017,279017
135000,408015,273015
20000000,20268825,268825
1100000,1355728,255728
400000,655538,255538
375000,617172,242172
250000,489220,239220
1000000,1239183,239183
40000,277233,237233
2900000,3127472,227472
1200000,1414845,214845
30000,243768,213768
5000000,5211842,211842
20000000,20211394,211394
10000000,10205616,205616
16000000,16204793,204793
800000,1001437,201437
50000,251150,201150
12000000,12200000,200000
42000,241816,199816
400000,592014,192014
1500000,1690913,190913
70000000,70187658,187658
100000,287000,187000
200000,381225,181225
20000000,20180155,180155
1100,181041,179941
15000,194523,179523
25000,195043,170043
10000000,10162034,162034
79000,234286,155286
50000000,50151543,151543
100000000,100138851,138851
15000000,15136870,136870
10000,138711,128711
3000000,3127773,127773
30000,144822,114822
85000000,85105259,105259
500000,603951,103951
15000,115592,100592
10000,94596,84596
800000,881950,81950
5500000,5580479,80479
1700000,1777043,77043
3000000,3076820,76820
950000,1024640,74640
300000,373615,73615
30000,103509,73509
2000000,2072645,72645
50000000,50068310,68310
1000000,1067481,67481
7000,70071,63071
6800000,6857096,57096
270000,319285,49285
30000,77070,47070
4000000,4046737,46737
10100000,10143618,43618
6000,48482,42482
200000,236806,36806
400000,433588,33588
25000000,25023424,23424
10000000,10019109,19109
2000000,2015000,15000
200000,212989,12989
100000,110536,10536
5000000,5010163,10163
1000000,1009819,9819
2000000,2001124,1124
1400,0,-1400
15000000,14998027,-1973
160000,156612,-3388
170000,166425,-3575
5000,1338,-3662
9000,4584,-4416
7000,900,-6100
7000,0,-7000
10000,1987,-8013
10000,527,-9473
10000,401,-9599
10000,0,-10000
12000,1336,-10664
12000,0,-12000
40000,25572,-14428
2000000,1985292,-14708
15000,0,-15000
850000,833118,-16882
17300,0,-17300
27000,8231,-18769
20000,0,-20000
20000,0,-20000
20000,0,-20000
20000,0,-20000
30000,9812,-20188
22000,0,-22000
27000,3547,-23453
25000,0,-25000
25000,0,-25000
25000,0,-25000
25000,0,-25000
200000,174682,-25318
30000,0,-30000
68000,33598,-34402
35000,0,-35000
35000,0,-35000
40000,3632,-36368
200000,162605,-37395
250000,212285,-37715
3000000,2962051,-37949
450000,410919,-39081
150000,110719,-39281
70000,30312,-39688
40000,0,-40000
100000,59424,-40576
50000,8374,-41626
42000,0,-42000
300000,255923,-44077
45000,0,-45000
250000,203134,-46866
1000000,952432,-47568
18500000,18451251,-48749
50000,0,-50000
50000,0,-50000
50000,0,-50000
50000,0,-50000
50000,0,-50000
50000,0,-50000
10000000,9949470,-50530
3500000,3448256,-51744
15000000,14945541,-54459
55000,0,-55000
60000,4917,-55083
250000,191862,-58138
200000,140016,-59984
60000,0,-60000
60000,0,-60000
60000,0,-60000
70000,4930,-65070
75000,8799,-66201
70000,0,-70000
450000,379418,-70582
250000,178095,-71905
55000000,54927174,-72826
200000,126021,-73979
75000,0,-75000
6500000,6423605,-76395
45000000,44922302,-77698
100000,20056,-79944
103000,16137,-86863
3000000,2912606,-87394
6000000,5909483,-90517
1400000,1303747,-96253
100000,1358,-98642
100000,0,-100000
100000,0,-100000
100000,0,-100000
100000,0,-100000
100000,0,-100000
100000,0,-100000
100000,0,-100000
100000,0,-100000
350000,246574,-103426
120000,0,-120000
120000,0,-120000
120000,0,-120000
125000,0,-125000
125000,0,-125000
125000,0,-125000
230000,104979,-125021
160000,32092,-127908
950000,814666,-135334
150000,7193,-142807
150000,5858,-144142
1000000,852206,-147794
150000,0,-150000
150000,0,-150000
150000,0,-150000
150000,0,-150000
3000000,2848587,-151413
200000,44701,-155299
170000,14000,-156000
500000,343706,-156294
420000,258384,-161616
180000,17503,-162497
500000,334041,-165959
168000,0,-168000
200000,28835,-171165
175000,2602,-172398
175000,0,-175000
180000,0,-180000
250000,67665,-182335
4000000,3816594,-183406
5000000,4816142,-183858
250000,59671,-190329
500000,307631,-192369
200000,7033,-192967
200000,6260,-193740
200000,3648,-196352
250000,51540,-198460
200000,1217,-198783
1000000,800148,-199852
14000000,13800000,-200000
200000,0,-200000
200000,0,-200000
200000,0,-200000
200000,0,-200000
200000,0,-200000
200000,0,-200000
200000,0,-200000
200000,0,-200000
5000000,4799774,-200226
250000,49772,-200228
250000,46026,-203974
3500000,3293258,-206742
300000,87264,-212736
323000,110248,-212752
2000000,1785505,-214495
3716946,3500000,-216946
12500000,12281000,-219000
1000000,779137,-220863
500000,271736,-228264
250000,21147,-228853
300000,70807,-229193
250000,18823,-231177
250000,18195,-231805
1000000,767732,-232268
240000,7484,-232516
20500000,20264436,-235564
20000000,19762690,-237310
500000,254293,-245707
250000,0,-250000
250000,0,-250000
250000,0,-250000
250000,0,-250000
250000,0,-250000
250000,0,-250000
250000,0,-250000
250000,0,-250000
250000,0,-250000
250000,0,-250000
250000,0,-250000
250000,0,-250000
250000,0,-250000
250000,0,-250000
250000,0,-250000
250000,0,-250000
13000000,12749992,-250008
3000000,2746453,-253547
300000,42735,-257265
300000,39475,-260525
500000,237301,-262699
350000,84689,-265311
300000,33312,-266688
400000,126387,-273613
1500000,1222889,-277111
300000,17241,-282759
300000,16892,-283108
300000,10876,-289124
300000,10514,-289486
290000,0,-290000
300000,3496,-296504
300000,1711,-298289
300000,0,-300000
300000,0,-300000
300000,0,-300000
300000,0,-300000
300000,0,-300000
300000,0,-300000
300000,0,-300000
300000,0,-300000
400000,89134,-310866
27500000,27187653,-312347
1200000,887000,-313000
2600000,2276368,-323632
6500000,6173485,-326515
1500000,1165881,-334119
20000000,19661987,-338013
2000000,1660865,-339135
340000,0,-340000
350000,9118,-340882
425000,80301,-344699
500000,154187,-345813
500000,152449,-347551
350000,0,-350000
350000,0,-350000
400000,44452,-355548
12000000,11634362,-365638
500000,134109,-365891
400000,31425,-368575
500000,129479,-370521
60000000,59623958,-376042
1000000,623791,-376209
1000000,621859,-378141
385907,0,-385907
1305000,909000,-396000
7000000,6601079,-398921
400000,423,-399577
500000,100370,-399630
400000,0,-400000
400000,0,-400000
400000,0,-400000
400000,0,-400000
850000,442638,-407362
450000,41260,-408740
425000,12604,-412396
1000000,582024,-417976
35000000,34580201,-419799
2000000,1577287,-422713
600000,173599,-426401
1000000,568662,-431338
450000,13804,-436196
450000,13486,-436514
500000,55000,-445000
900000,454121,-445879
500000,52850,-447150
450000,0,-450000
450000,0,-450000
1000000,549666,-450334
1000000,549185,-450815
1900000,1445366,-454634
42000000,41543207,-456793
1000000,542909,-457091
500000,32033,-467967
35000000,34531832,-468168
3400000,2926565,-473435
475000,0,-475000
650000,171962,-478038
1900000,1420578,-479422
500000,19800,-480200
2700000,2217561,-482439
500000,15433,-484567
500000,13134,-486866
2500000,2013052,-486948
500000,12232,-487768
500000,6840,-493160
500000,4134,-495866
500000,1822,-498178
500000,1778,-498222
500000,528,-499472
500000,0,-500000
500000,0,-500000
500000,0,-500000
500000,0,-500000
500000,0,-500000
500000,0,-500000
500000,0,-500000
500000,0,-500000
500000,0,-500000
500000,0,-500000
500000,0,-500000
500000,0,-500000
500000,0,-500000
500000,0,-500000
500000,0,-500000
500000,0,-500000
500000,0,-500000
500000,0,-500000
500000,0,-500000
500000,0,-500000
500000,0,-500000
500000,0,-500000
500000,0,-500000
500000,0,-500000
32000000,31493782,-506218
12000000,11487676,-512324
1000000,486919,-513081
900000,381420,-518580
2000000,1477002,-522998
4000000,3468572,-531428
12500000,11965282,-534718
1000000,464126,-535874
1600000,1060591,-539409
550000,9111,-540889
546173,0,-546173
1300000,749741,-550259
1000000,446165,-553835
1400000,845464,-554536
560000,3709,-556291
600000,42557,-557443
560000,0,-560000
2000000,1433319,-566681
1000000,428535,-571465
16000000,15427192,-572808
600000,23616,-576384
600000,15030,-584970
10000000,9408183,-591817
600000,3301,-596699
105000000,104400899,-599101
800000,200433,-599567
600000,0,-600000
600000,0,-600000
600000,0,-600000
600000,0,-600000
600000,0,-600000
1300000,695840,-604160
1200000,595018,-604982
35000000,34393507,-606493
25000000,24381334,-618666
625000,0,-625000
2000000,1370646,-629354
12000000,11368012,-631988
80000000,79366978,-633022
5500000,4865000,-635000
640000,0,-640000
6000000,5359774,-640226
650000,1447,-648553
650000,0,-650000
650000,0,-650000
800000,144583,-655417
5000000,4339241,-660759
1000000,336472,-663528
1300000,635305,-664695
750000,78396,-671604
17000000,16316273,-683727
700000,10508,-689492
750000,59656,-690344
1300000,609042,-690958
5000000,4306697,-693303
4500000,3802260,-697740
1700000,1000915,-699085
700000,0,-700000
700000,0,-700000
747000,44566,-702434
750000,47329,-702671
750000,41196,-708804
1000000,288757,-711243
1000000,280351,-719649
1500000,779820,-720180
1000000,274661,-725339
750000,19367,-730633
42000000,41267469,-732531
18000000,17266359,-733641
800000,62544,-737456
800000,58163,-741837
3700000,2956000,-744000
3000000,2255000,-745000
750000,0,-750000
750000,0,-750000
750000,0,-750000
750000,0,-750000
15000000,14249005,-750995
800000,46742,-753258
24000000,23240020,-759980
6250000,5488570,-761430
800000,35688,-764312
1000000,231738,-768262
800000,29063,-770937
1000000,227241,-772759
775000,0,-775000
20000000,19219250,-780750
11000000,10214647,-785353
1000000,213137,-786863
1500000,712294,-787706
18000000,17200925,-799075
800000,0,-800000
7000000,6199600,-800400
820000,0,-820000
1200000,376976,-823024
825000,0,-825000
850000,3256,-846744
2000000,1152411,-847589
850000,0,-850000
850000,0,-850000
1100000,247740,-852260
1000000,144601,-855399
4500000,3635482,-864518
2000000,1134358,-865642
14000000,13121555,-878445
1000000,113433,-886567
900000,7396,-892604
900000,6997,-893003
1000000,101531,-898469
1000000,101215,-898785
930000,30905,-899095
900000,0,-900000
900000,0,-900000
1000000,96734,-903266
48000000,47095453,-904547
1070000,164649,-905351
913000,0,-913000
3200000,2283291,-916709
5000000,4078607,-921393
1000000,63014,-936986
18000000,17062499,-937501
1987650,1044143,-943507
1200000,255000,-945000
12000000,11050094,-949906
950000,0,-950000
950000,0,-950000
950000,0,-950000
950000,0,-950000
1000000,49000,-951000
1000000,48764,-951236
25000000,24046682,-953318
1800000,841056,-958944
3700000,2730296,-969704
14000000,13024170,-975830
1000000,22434,-977566
1000000,21210,-978790
989000,8158,-980842
1000000,17127,-982873
1000000,15156,-984844
1000000,12996,-987004
1000000,11574,-988426
1500000,510957,-989043
1000000,10787,-989213
1000000,9837,-990163
1000000,7202,-992798
1000000,6870,-993130
1000000,5494,-994506
1000000,3700,-996300
1000000,1036,-998964
1000000,884,-999116
1000000,703,-999297
1000000,0,-1000000
1000000,0,-1000000
1000000,0,-1000000
1000000,0,-1000000
1000000,0,-1000000
1000000,0,-1000000
1000000,0,-1000000
4500000,3500000,-1000000
1000000,0,-1000000
1000000,0,-1000000
1000000,0,-1000000
1000000,0,-1000000
1000000,0,-1000000
1000000,0,-1000000
1000000,0,-1000000
1000000,0,-1000000
1000000,0,-1000000
1000000,0,-1000000
1000000,0,-1000000
1000000,0,-1000000
1000000,0,-1000000
1000000,0,-1000000
1000000,0,-1000000
1000000,0,-1000000
1000000,0,-1000000
1000000,0,-1000000
1000000,0,-1000000
1000000,0,-1000000
1300000,288751,-1011249
35000000,33987757,-1012243
2000000,977772,-1022228
23000000,21973182,-1026818
1100000,56491,-1043509
5000000,3954651,-1045349
2000000,950792,-1049208
1100000,39659,-1060341
4000000,2922988,-1077012
1500000,418953,-1081047
1300000,210904,-1089096
1500000,406035,-1093965
1400000,304124,-1095876
1500000,402858,-1097142
1100000,2636,-1097364
1100000,0,-1100000
1100000,0,-1100000
1100000,0,-1100000
1100000,0,-1100000
1100000,0,-1100000
1100000,0,-1100000
20000000,18882880,-1117120
1125000,6408,-1118592
4600000,3479302,-1120698
1500000,378176,-1121824
1500000,362239,-1137761
1400000,260441,-1139559
6000000,4859475,-1140525
1200000,58936,-1141064
15000000,13843771,-1156229
10000000,8840453,-1159547
1800000,638476,-1161524
1200000,26608,-1173392
20000000,18826490,-1173510
3000000,1821983,-1178017
1600000,419428,-1180572
1200000,8708,-1191292
1200000,7826,-1192174
1200000,4254,-1195746
10000000,8803865,-1196135
65000000,63803100,-1196900
3000000,1803064,-1196936
10000000,8801940,-1198060
1300000,100358,-1199642
1200000,0,-1200000
1200000,0,-1200000
1200000,0,-1200000
1200000,0,-1200000
1200000,0,-1200000
1200000,0,-1200000
1200000,0,-1200000
1200000,0,-1200000
1200000,0,-1200000
1200000,0,-1200000
4000000,2793776,-1206224
16000000,14792779,-1207221
2500000,1282084,-1217916
2100000,881824,-1218176
30000000,28780744,-1219256
29000000,27778642,-1221358
1300000,77755,-1222245
8000000,6758416,-1241584
50000000,48751189,-1248811
1250000,0,-1250000
1250000,0,-1250000
1250000,0,-1250000
22000000,20738724,-1261276
1300000,11278,-1288722
9000000,7710234,-1289766
5000000,3707583,-1292417
1800000,506793,-1293207
1300000,4055,-1295945
18000000,16703799,-1296201
30000000,28700285,-1299715
1300000,0,-1300000
1300000,0,-1300000
1300000,0,-1300000
60000000,58697076,-1302924
1700000,396035,-1303965
1500000,194568,-1305432
6000000,4694491,-1305509
7000000,5694308,-1305692
2000000,691880,-1308120
2500000,1187266,-1312734
1500000,184705,-1315295
17000000,15680099,-1319901
1500000,175281,-1324719
1500000,173066,-1326934
4000000,2672413,-1327587
6000000,4670644,-1329356
22000000,20668843,-1331157
1500000,166980,-1333020
1500000,163245,-1336755
75000000,73661010,-1338990
1500000,139084,-1360916
2000000,638227,-1361773
1400000,36830,-1363170
2000000,636706,-1363294
1500000,124244,-1375756
1377800,0,-1377800
1500000,119841,-1380159
5000000,3614896,-1385104
1500000,113169,-1386831
2400000,1008849,-1391151
1400000,1632,-1398368
1400000,0,-1400000
1400000,0,-1400000
1400000,0,-1400000
4900000,3498695,-1401305
6000000,4595000,-1405000
2500000,1094998,-1405002
25000000,23591432,-1408568
1900000,478595,-1421405
1500000,75828,-1424172
1900000,467602,-1432398
14000000,12559771,-1440229
1500000,52429,-1447571
1600000,145382,-1454618
40000000,38543473,-1456527
6000000,4543320,-1456680
2000000,537948,-1462052
1600000,129319,-1470681
10000000,8525600,-1474400
4030000,2542264,-1487736
1900000,406216,-1493784
1500000,3865,-1496135
1500000,2105,-1497895
1500000,0,-1500000
1500000,0,-1500000
1500000,0,-1500000
1500000,0,-1500000
1500000,0,-1500000
1500000,0,-1500000
1500000,0,-1500000
1500000,0,-1500000
1500000,0,-1500000
1500000,0,-1500000
1500000,0,-1500000
7000000,5430822,-1569178
1600000,27795,-1572205
4000000,2426851,-1573149
35000000,33423000,-1577000
1577000,0,-1577000
35000000,33422806,-1577194
1600000,15600,-1584400
1600000,3264,-1596736
20000000,18400000,-1600000
6000000,4398989,-1601011
1750000,145540,-1604460
2000000,390659,-1609341
2000000,388532,-1611468
29000000,27383770,-1616230
8000000,6363628,-1636372
20000000,18354356,-1645644
2000000,347578,-1652422
1750000,93051,-1656949
103300000,101643008,-1656992
1660000,0,-1660000
15000000,13337299,-1662701
1900000,222098,-1677902
14000000,12314651,-1685349
2000000,304602,-1695398
2300000,574838,-1725162
3000000,1266955,-1733045
50000000,48265581,-1734419
20000000,18253415,-1746585
1750000,0,-1750000
12500000,10725228,-1774772
5000000,3220371,-1779629
2100000,313436,-1786564
4600000,2804874,-1795126
2750000,952620,-1797380
1800000,673,-1799327
1800000,0,-1800000
1800000,0,-1800000
1800000,0,-1800000
1800000,0,-1800000
1800000,0,-1800000
1800000,0,-1800000
2000000,199176,-1800824
12000000,10198766,-1801234
2200000,388390,-1811610
40000000,38180928,-1819072
11000000,9177065,-1822935
11000000,9170214,-1829786
50000000,48169156,-1830844
30000000,28165882,-1834118
22000000,20158492,-1841508
2000000,147299,-1852701
2000000,134624,-1865376
18000000,16131410,-1868590
5500000,3629758,-1870242
12600000,10724389,-1875611
2000000,121807,-1878193
2000000,120620,-1879380
1900000,18435,-1881565
10000000,8112414,-1887586
16000000,14108518,-1891482
2000000,102645,-1897355
1900000,0,-1900000
1900000,0,-1900000
20000000,18098433,-1901567
25000000,23091010,-1908990
40000000,38087756,-1912244
15000000,13077184,-1922816
5000000,3072605,-1927395
2000000,72544,-1927456
2000000,72277,-1927723
60000000,58060186,-1939814
2000000,55202,-1944798
12000000,10051659,-1948341
1950000,0,-1950000
2500000,549632,-1950368
2000000,49388,-1950612
5000000,3046086,-1953914
2000000,45431,-1954569
2400000,444093,-1955907
2000000,37227,-1962773
2000000,36336,-1963664
2000000,35312,-1964688
2000000,30955,-1969045
62000000,60022813,-1977187
2000000,21000,-1979000
16000000,14019924,-1980076
7000000,5017971,-1982029
2000000,17896,-1982104
28000000,26017685,-1982315
2000000,17061,-1982939
34000000,32014993,-1985007
2000000,12667,-1987333
2000000,10024,-1989976
3000000,1007535,-1992465
2000000,7321,-1992679
2000000,7294,-1992706
2000000,5361,-1994639
13000000,11003643,-1996357
2000000,3080,-1996920
2000000,2436,-1997564
5000000,3000342,-1999658
2000000,0,-2000000
2000000,0,-2000000
2000000,0,-2000000
2000000,0,-2000000
2000000,0,-2000000
2000000,0,-2000000
2000000,0,-2000000
24000000,22000000,-2000000
2000000,0,-2000000
2000000,0,-2000000
2000000,0,-2000000
2000000,0,-2000000
2000000,0,-2000000
2000000,0,-2000000
2000000,0,-2000000
2000000,0,-2000000
2000000,0,-2000000
2000000,0,-2000000
2000000,0,-2000000
2000000,0,-2000000
2000000,0,-2000000
2000000,0,-2000000
2000000,0,-2000000
2000000,0,-2000000
2000000,0,-2000000
2000000,0,-2000000
2000000,0,-2000000
2000000,0,-2000000
5900000,3895664,-2004336
15000000,12981269,-2018731
15600000,13571817,-2028183
2380000,327919,-2052081
2500000,432360,-2067640
16000000,13922211,-2077789
2100000,3330,-2096670
2100000,0,-2100000
2100000,0,-2100000
2100000,0,-2100000
2100000,0,-2100000
2100000,0,-2100000
15000000,12898847,-2101153
35000000,32868349,-2131651
16000000,13854000,-2146000
2150000,0,-2150000
2500000,349132,-2150868
2160000,0,-2160000
2500000,327716,-2172284
20000000,17807569,-2192431
15000000,12801190,-2198810
2200000,0,-2200000
15000000,12786053,-2213947
10000000,7779614,-2220386
8500000,6263670,-2236330
2300000,59696,-2240304
40000000,37752931,-2247069
72500000,70231041,-2268959
2450000,180237,-2269763
2300000,29384,-2270616
7000000,4720371,-2279629
5000000,2712131,-2287869
3000000,707391,-2292609
3000000,703372,-2296628
2300000,0,-2300000
2300000,0,-2300000
2300000,0,-2300000
2800000,475000,-2325000
2500000,174255,-2325745
82500000,80172128,-2327872
15000000,12669914,-2330086
3000000,669688,-2330312
6400000,4063859,-2336141
8000000,5656388,-2343612
18000000,15652637,-2347363
7500000,5142858,-2357142
9000000,6623082,-2376918
4500000,2122085,-2377915
2500000,118666,-2381334
2500000,115504,-2384496
50000000,47602194,-2397806
2500000,100280,-2399720
2400000,0,-2400000
2400000,0,-2400000
6000000,3591299,-2408701
10000000,7582065,-2417935
2500000,80136,-2419864
2500000,72210,-2427790
10000000,7570127,-2429873
2500000,35017,-2464983
20000000,17530219,-2469781
22000000,19528602,-2471398
35000000,32519322,-2480678
26000000,23514247,-2485753
2500000,9598,-2490402
6500000,4002293,-2497707
2500000,0,-2500000
2500000,0,-2500000
2500000,0,-2500000
2500000,0,-2500000
2500000,0,-2500000
2500000,0,-2500000
2500000,0,-2500000
2500000,0,-2500000
2500000,0,-2500000
25000000,22486409,-2513591
103000000,100478608,-2521392
20000000,17468887,-2531113
5600000,3064356,-2535644
5000000,2450846,-2549154
3000000,446770,-2553230
20000000,17445186,-2554814
2600000,39127,-2560873
4000000,1430241,-2569759
40000000,37412945,-2587055
2600000,0,-2600000
2600000,0,-2600000
2600000,0,-2600000
2600000,0,-2600000
3500000,890303,-2609697
3500000,886410,-2613590
3000000,374675,-2625325
7000000,4372561,-2627439
2650000,16556,-2633444
22000000,19351569,-2648431
3000000,351416,-2648584
6000000,3347411,-2652589
2660000,0,-2660000
3000000,331000,-2669000
4000000,1328679,-2671321
6000000,3322127,-2677873
3000000,321910,-2678090
10000000,7316658,-2683342
137500000,134806913,-2693087
4200000,1502188,-2697812
2700000,0,-2700000
2700000,0,-2700000
3000000,295493,-2704507
22000000,19288130,-2711870
18000000,15285588,-2714412
6000000,3273588,-2726412
3000000,252726,-2747274
14000000,11242801,-2757199
3000000,242623,-2757377
3450000,687185,-2762815
20000000,17231291,-2768709
5000000,2229058,-2770942
15000000,12212417,-2787583
3000000,205842,-2794158
3000000,201436,-2798564
2900000,101270,-2798730
5250000,2450504,-2799496
4500000,1687311,-2812689
5000000,2184640,-2815360
3500000,663247,-2836753
3000000,163069,-2836931
18000000,15160801,-2839199
7300000,4443403,-2856597
5000000,2141423,-2858577
40000000,37134215,-2865785
3000000,133411,-2866589
9000000,6126237,-2873763
2900000,20778,-2879222
50000000,47119388,-2880612
3000000,115879,-2884121
3500000,615816,-2884184
20000000,17104669,-2895331
3000000,95204,-2904796
3400000,493905,-2906095
5000000,2080693,-2919307
3000000,78948,-2921052
10000000,7078738,-2921262
55000000,52075270,-2924730
6000000,3067312,-2932688
4000000,1065429,-2934571
35000000,32064800,-2935200
3000000,51773,-2948227
9000000,6047856,-2952144
3000000,39852,-2960148
9700000,6738954,-2961046
3000000,37151,-2962849
25000000,22032635,-2967365
61000000,58032443,-2967557
10000000,7027762,-2972238
13000000,10020081,-2979919
8000000,5018450,-2981550
3000000,18000,-2982000
4700000,1705139,-2994861
3000000,5073,-2994927
3000000,4655,-2995345
3000000,0,-3000000
3000000,0,-3000000
3000000,0,-3000000
3000000,0,-3000000
3000000,0,-3000000
3000000,0,-3000000
3000000,0,-3000000
3000000,0,-3000000
3000000,0,-3000000
3000000,0,-3000000
3000000,0,-3000000
3000000,0,-3000000
3000000,0,-3000000
3000000,0,-3000000
3000000,0,-3000000
3000000,0,-3000000
3000000,0,-3000000
3000000,0,-3000000
3000000,0,-3000000
4500000,1500000,-3000000
20000000,16988996,-3011004
50000000,46982632,-3017368
4500000,1480006,-3019994
4750000,1728953,-3021047
38000000,34912982,-3087018
19000000,15911332,-3088668
4500000,1400726,-3099274
10000000,6900335,-3099665
3100000,0,-3100000
5300000,2197694,-3102306
20000000,16883115,-3116885
4000000,864959,-3135041
10000000,6861102,-3138898
3200000,56131,-3143869
4200000,1044039,-3155961
25000000,21835784,-3164216
10000000,6810754,-3189246
3300000,104257,-3195743
18000000,14800725,-3199275
4000000,800000,-3200000
5200000,2000000,-3200000
3750000,539285,-3210715
21000000,17760244,-3239756
3250000,7680,-3242320
3500000,253444,-3246556
4600000,1340891,-3259109
7500000,4239767,-3260233
3500000,221096,-3278904
3600000,320896,-3279104
3300000,19875,-3280125
10000000,6719864,-3280136
8000000,4714090,-3285910
60000000,56709981,-3290019
3300000,0,-3300000
30000000,26692846,-3307154
3500000,182695,-3317305
40000000,36665854,-3334146
15000000,11660180,-3339820
7500000,4151836,-3348164
4000000,641054,-3358946
3380000,0,-3380000
15000000,11614954,-3385046
3400000,12636,-3387364
3500000,107492,-3392508
4000000,600896,-3399104
3400000,0,-3400000
35000000,31598308,-3401692
3500000,96793,-3403207
110000000,106580051,-3419949
20000000,16574590,-3425410
7000000,3571624,-3428376
25000000,21567853,-3432147
4000000,563711,-3436289
3750000,310007,-3439993
3440000,0,-3440000
12500000,9046156,-3453844
3500000,29233,-3470767
30000000,26528684,-3471316
3500000,27349,-3472651
5000000,1526697,-3473303
3500000,9871,-3490129
16500000,13005485,-3494515
4750000,1253413,-3496587
8500000,5001655,-3498345
3500000,0,-3500000
3500000,0,-3500000
3500000,0,-3500000
3500000,0,-3500000
3500000,0,-3500000
3500000,0,-3500000
3500000,0,-3500000
3500000,0,-3500000
10000000,6491969,-3508031
60000000,56451232,-3548768
35000000,31445011,-3554989
40000000,36443442,-3556558
70000000,66432867,-3567133
16000000,12431792,-3568208
3600000,0,-3600000
4000000,399793,-3600207
14000000,10397365,-3602635
4000000,385069,-3614931
4000000,373375,-3626625
4000000,354704,-3645296
40000000,36343858,-3656142
3700000,26403,-3673597
28000000,24307106,-3692894
4000000,302204,-3697796
3750000,44462,-3705538
4000000,294244,-3705756
39000000,35287788,-3712212
4000000,267972,-3732028
20000000,16248701,-3751299
4000000,246305,-3753695
3800000,41914,-3758086
104000000,100234838,-3765162
55000000,51225796,-3774204
3800000,20930,-3779070
3800000,14873,-3785127
30000000,26214846,-3785154
4500000,713413,-3786587
3800000,10153,-3789847
6000000,2207975,-3792025
4500000,707885,-3792115
3800000,0,-3800000
10000000,6197866,-3802134
12000000,8195551,-3804449
23000000,19192510,-3807490
4000000,185577,-3814423
55000000,51178893,-3821107
5952000,2120439,-3831561
4000000,165203,-3834797
15000000,11156471,-3843529
4000000,155271,-3844729
4000000,154356,-3845644
4000000,146402,-3853598
4000000,132270,-3867730
4000000,129078,-3870922
4000000,120016,-3879984
80000000,76118990,-3881010
4600000,708776,-3891224
5000000,1082044,-3917956
6000000,2077046,-3922954
4000000,75078,-3924922
4000000,64359,-3935641
5000000,1050861,-3949139
37000000,33047633,-3952367
10000000,6044618,-3955382
40000000,36037909,-3962091
4000000,34145,-3965855
4000000,33245,-3966755
6000000,2025238,-3974762
4000000,20620,-3979380
4000000,17639,-3982361
4000000,12836,-3987164
4000000,9134,-3990866
4000000,9120,-3990880
6100000,2108367,-3991633
4000000,4327,-3995673
10000000,6003262,-3996738
60000000,56003051,-3996949
4000000,0,-4000000
4000000,0,-4000000
4000000,0,-4000000
4000000,0,-4000000
4000000,0,-4000000
4000000,0,-4000000
4000000,0,-4000000
4000000,0,-4000000
4000000,0,-4000000
4000000,0,-4000000
4000000,0,-4000000
4000000,0,-4000000
10000000,6000000,-4000000
4000000,0,-4000000
4000000,0,-4000000
20000000,15988876,-4011124
4800000,775849,-4024151
22000000,17951431,-4048569
9000000,4950029,-4049971
5250000,1200010,-4049990
33000000,28946615,-4053385
8500000,4444637,-4055363
5000000,942441,-4057559
23000000,18942396,-4057604
7000000,2938532,-4061468
12000000,7919574,-4080426
8000000,3915251,-4084749
4600000,514237,-4085763
4500000,410241,-4089759
4200000,101740,-4098260
12000000,7900000,-4100000
4300000,199228,-4100772
4300000,188870,-4111130
90000000,85886987,-4113013
9000000,4886216,-4113784
5000000,851690,-4148310
7500000,3347647,-4152353
17000000,12840842,-4159158
6500000,2339957,-4160043
4600000,434417,-4165583
16000000,11810854,-4189146
120000000,115802596,-4197404
20000000,15800078,-4199922
4200000,0,-4200000
4200000,0,-4200000
4500000,281447,-4218553
9000000,4777465,-4222535
6500000,2274649,-4225351
8500000,4273372,-4226628
15000000,10763469,-4236531
8000000,3759286,-4240714
18000000,13747234,-4252766
5000000,742898,-4257102
4900000,617228,-4282772
58000000,53715611,-4284389
20000000,15712072,-4287928
4500000,211667,-4288333
4500000,200558,-4299442
35000000,30691439,-4308561
4500000,187112,-4312888
4500000,181655,-4318345
42000000,37662162,-4337838
23000000,18653615,-4346385
8000000,3647381,-4352619
4357373,0,-4357373
10000000,5637066,-4362934
4500000,108596,-4391404
4400000,0,-4400000
4400000,0,-4400000
5200000,795126,-4404874
4500000,92723,-4407277
8470000,4046336,-4423664
5500000,1060512,-4439488
4500000,51957,-4448043
20000000,15543862,-4456138
16000000,11540112,-4459888
4700000,239962,-4460038
4500000,32961,-4467039
8300000,3827466,-4472534
4500000,26345,-4473655
6500000,2025032,-4474968
5500000,1023424,-4476576
5250000,769726,-4480274
7500000,3014696,-4485304
15000000,10513979,-4486021
4500000,11774,-4488226
5500000,1008098,-4491902
4500000,0,-4500000
4500000,0,-4500000
4500000,0,-4500000
4500000,0,-4500000
4500000,0,-4500000
27000000,22495466,-4504534
15000000,10494147,-4505853
18000000,13491653,-4508347
10000000,5490423,-4509577
20000000,15473333,-4526667
20000000,15464026,-4535974
58000000,53458319,-4541681
5000000,418689,-4581311
6000000,1418304,-4581696
15000000,10411980,-4588020
14000000,9409538,-4590462
5000000,407488,-4592512
4600000,728,-4599272
18000000,13400000,-4600000
16500000,11892415,-4607585
5400000,792200,-4607800
5000000,391611,-4608389
6200000,1579146,-4620854
4900000,276901,-4623099
18000000,13371528,-4628472
5200000,564489,-4635511
35000000,30353973,-4646027
5000000,353480,-4646520
6000000,1348205,-4651795
7000000,2344847,-4655153
5000000,340911,-4659089
9000000,4333569,-4666431
35000000,30307804,-4692196
4700000,0,-4700000
4700000,0,-4700000
21000000,16289867,-4710133
47500000,42754105,-4745895
10000000,5241315,-4758685
5000000,240425,-4759575
5000000,228830,-4771170
5000000,223838,-4776162
6000000,1214525,-4785475
8000000,3205706,-4794294
4900000,95933,-4804067
21500000,16684352,-4815648
13000000,8178001,-4821999
137000000,132177234,-4822766
7000000,2165637,-4834363
79000000,74158157,-4841843
5000000,143273,-4856727
5000000,134552,-4865448
5000000,127564,-4872436
5000000,121016,-4878984
4900000,15198,-4884802
5500000,611709,-4888291
5000000,99147,-4900853
5000000,84733,-4915267
8000000,3076425,-4923575
5000000,67505,-4932495
5000000,65388,-4934612
13000000,8064972,-4935028
7000000,2062066,-4937934
5000000,56001,-4943999
20000000,15055091,-4944909
55000000,50047179,-4952821
6000000,1030920,-4969080
5000000,16670,-4983330
36000000,31016021,-4983979
70000000,65011757,-4988243
5000000,8297,-4991703
5000000,7556,-4992444
13000000,8005586,-4994414
10000000,5005465,-4994535
5000000,0,-5000000
5000000,0,-5000000
5000000,0,-5000000
5000000,0,-5000000
5000000,0,-5000000
5000000,0,-5000000
5000000,0,-5000000
5000000,0,-5000000
5000000,0,-5000000
5000000,0,-5000000
5000000,0,-5000000
5000000,0,-5000000
5000000,0,-5000000
5000000,0,-5000000
5000000,0,-5000000
5000000,0,-5000000
5000000,0,-5000000
5000000,0,-5000000
5000000,0,-5000000
12000000,6982680,-5017320
60000000,54956941,-5043059
5600000,531806,-5068194
15000000,9929135,-5070865
49000000,43905746,-5094254
7000000,1891936,-5108064
13000000,7881335,-5118665
152000000,146880162,-5119838
12000000,6860000,-5140000
6000000,802778,-5197222
15500000,10299782,-5200218
7000000,1785645,-5214355
5600000,385422,-5214578
57000000,51774002,-5225998
6000000,773490,-5226510
5250000,20097,-5229903
5250000,0,-5250000
5800000,542860,-5257140
7000000,1738692,-5261308
50000000,44737059,-5262941
12000000,6730578,-5269422
50000000,44705766,-5294234
5300000,0,-5300000
19000000,13680000,-5320000
7000000,1661464,-5338536
65000000,59650222,-5349778
64000000,58636047,-5363953
17000000,11634458,-5365542
7000000,1632000,-5368000
6500000,1109660,-5390340
102500000,97104620,-5395380
5400000,0,-5400000
11000000,5599781,-5400219
15000000,9579068,-5420932
5500000,56653,-5443347
25530000,20080020,-5449980
6500000,1029017,-5470983
5500000,28468,-5471532
5500000,24956,-5475044
7300000,1818681,-5481319
6000000,509424,-5490576
5500000,0,-5500000
5500000,0,-5500000
27000000,21500000,-5500000
12500000,7000000,-5500000
12500000,7000000,-5500000
25000000,19490041,-5509959
6400000,871577,-5528423
9000000,3438735,-5561265
5800000,230312,-5569688
7000000,1429299,-5570701
5600000,27766,-5572234
40000000,34416893,-5583107
6000000,408159,-5591841
15000000,9396870,-5603130
6000000,391942,-5608058
25000000,19375982,-5624018
5700000,69582,-5630418
10000000,4365455,-5634545
57000000,51364680,-5635320
20000000,14363397,-5636603
80000000,74339294,-5660706
5700000,35955,-5664045
5700000,30638,-5669362
20000000,14326865,-5673135
27000000,21300000,-5700000
12500000,6797696,-5702304
10000000,4286367,-5713633
8000000,2275557,-5724443
10000000,4269426,-5730574
6000000,267194,-5732806
7000000,1246141,-5753859
15000000,9237470,-5762530
17000000,11227824,-5772176
5800000,15091,-5784909
35000000,29197642,-5802358
20000000,14190901,-5809099
6000000,181798,-5818202
15000000,9176787,-5823213
9000000,3134509,-5865491
6000000,129210,-5870790
6800000,927107,-5872893
6000000,119452,-5880548
6000000,115862,-5884138
7000000,1110509,-5889491
9500000,3573673,-5926327
10000000,4073448,-5926552
6000000,66351,-5933649
6000000,65108,-5934892
6000000,54606,-5945394
90000000,84052762,-5947238
6400000,449865,-5950135
6000000,36497,-5963503
43000000,37035515,-5964485
6000000,32251,-5967749
22000000,16029670,-5970330
6000000,25317,-5974683
6000000,13722,-5986278
20000000,14011084,-5988916
30000000,24004833,-5995167
6000000,0,-6000000
6000000,0,-6000000
6000000,0,-6000000
6000000,0,-6000000
7000000,1000000,-6000000
6000000,0,-6000000
6000000,0,-6000000
30000000,23998226,-6001774
9000000,2956339,-6043661
15000000,8921050,-6078950
10000000,3877922,-6122078
25000000,18877153,-6122847
15000000,8874389,-6125611
40000000,33864342,-6135658
8300000,2160710,-6139290
9900000,3759078,-6140922
9200000,3047539,-6152461
7500000,1333124,-6166876
10000000,3818664,-6181336
11000000,4814244,-6185756
38000000,31811527,-6188473
20000000,13801755,-6198245
8000000,1793359,-6206641
60000000,53789313,-6210687
95000000,88768303,-6231697
15000000,8735529,-6264471
22000000,15716828,-6283172
35000000,28687835,-6312165
20000000,13684249,-6315751
12000000,5669081,-6330919
7000000,659000,-6341000
20000000,13651946,-6348054
9400000,3030848,-6369152
29000000,22619589,-6380411
25000000,18600152,-6399848
15000000,8586376,-6413624
6500000,64148,-6435852
13500000,7060876,-6439124
12000000,5549923,-6450077
20000000,13548322,-6451678
7000000,546201,-6453799
8300000,1829142,-6470858
6700000,223878,-6476122
7000000,523511,-6476489
40000000,33508922,-6491078
6500000,0,-6500000
82500000,75986503,-6513497
9200000,2684904,-6515096
75000000,68473360,-6526640
7400000,872643,-6527357
6537890,8744,-6529146
12500000,5956480,-6543520
7000000,453377,-6546623
9000000,2450867,-6549133
6600000,828,-6599172
10000000,3400278,-6599722
45000000,38399961,-6600039
20000000,13395961,-6604039
20000000,13383747,-6616253
7000000,382946,-6617054
15000000,8378141,-6621859
20000000,13367624,-6632376
6750000,113568,-6636432
10000000,3357324,-6642676
30000000,23337196,-6662804
10000000,3336053,-6663947
8000000,1335672,-6664328
15000000,8322608,-6677392
35000000,28317513,-6682487
7000000,306715,-6693285
13000000,6276869,-6723131
10000000,3275585,-6724415
7000000,254683,-6745317
6800000,49526,-6750474
7000000,234750,-6765250
42000000,35228696,-6771304
6800000,25032,-6774968
80000000,73215310,-6784690
30000000,23209310,-6790690
7000000,196067,-6803933
10000000,3193102,-6806898
14500000,7691700,-6808300
31000000,24185781,-6814219
7700000,882290,-6817710
8000000,1163056,-6836944
6840000,0,-6840000
10000000,3128941,-6871059
23000000,16123851,-6876149
15000000,8117637,-6882363
90000000,83107829,-6892171
37000000,30105968,-6894032
8000000,1095369,-6904631
35000000,28087155,-6912845
12000000,5078660,-6921340
8000000,1071240,-6928760
11000000,4068087,-6931913
85000000,78046570,-6953430
7000000,46488,-6953512
10000000,3041803,-6958197
40000000,33035397,-6964603
50000000,43034523,-6965477
7500000,533344,-6966656
7000000,31443,-6968557
7000000,30471,-6969529
55000000,48023088,-6976912
9000000,2000093,-6999907
7000000,0,-7000000
10000000,3000000,-7000000
7000000,0,-7000000
7000000,0,-7000000
7000000,0,-7000000
7000000,0,-7000000
7000000,0,-7000000
7000000,0,-7000000
7000000,0,-7000000
17000000,10000000,-7000000
7000000,0,-7000000
7000000,0,-7000000
20000000,12987647,-7012353
24000000,16980098,-7019902
12000000,4922166,-7077834
10000000,2893666,-7106334
12000000,4884663,-7115337
9600000,2484186,-7115814
12000000,4880941,-7119059
13000000,5871603,-7128397
40000000,32862104,-7137896
7200000,59774,-7140226
8400000,1207007,-7192993
15000000,7800825,-7199175
25000000,17791031,-7208969
23000000,15789389,-7210611
7900000,672243,-7227757
11000000,3753806,-7246194
7250000,0,-7250000
7500000,231346,-7268654
23000000,15728335,-7271665
25000000,17718223,-7281777
12000000,4717455,-7282545
7500000,206400,-7293600
8000000,700261,-7299739
7500000,197148,-7302852
8000000,690290,-7309710
42000000,34667015,-7332985
20000000,12639297,-7360703
13500000,6118683,-7381317
8500000,1109199,-7390801
110000000,102608827,-7391173
15000000,7597898,-7402102
8000000,590817,-7409183
8000000,589308,-7410692
50000000,42586861,-7413139
8000000,568932,-7431068
15250000,7802450,-7447550
14000000,6552255,-7447745
20000000,12545979,-7454021
9000000,1533324,-7466676
9000000,1530535,-7469465
30000000,22530295,-7469705
10000000,2529395,-7470605
10750000,3275443,-7474557
18000000,10501938,-7498062
25000000,17501244,-7498756
7500000,0,-7500000
7500000,0,-7500000
7500000,0,-7500000
7500000,0,-7500000
9200000,1685269,-7514731
20000000,12482775,-7517225
8000000,458232,-7541768
25000000,17432844,-7567156
16000000,8400000,-7600000
20000000,12398628,-7601372
28000000,20396829,-7603171
8000000,336456,-7663544
70000000,62321039,-7678961
7700000,5336,-7694664
24000000,16304786,-7695214
8000000,298110,-7701890
22000000,14252830,-7747170
8000000,252676,-7747324
20000000,12234694,-7765306
15000000,7219578,-7780422
53000000,45207112,-7792888
8300000,493296,-7806704
10000000,2185266,-7814734
18500000,10680275,-7819725
8000000,163753,-7836247
8000000,146083,-7853917
20000000,12134935,-7865065
8000000,127188,-7872812
62000000,54117416,-7882584
8000000,109338,-7890662
8000000,109045,-7890955
35000000,27107960,-7892040
8000000,100915,-7899085
8000000,82703,-7917297
9000000,1069318,-7930682
8000000,54702,-7945298
9000000,1053788,-7946212
8000000,53086,-7946914
11000000,3051221,-7948779
8000000,36884,-7963116
8000000,23106,-7976894
8000000,19585,-7980415
109000000,101018283,-7981717
13000000,5002310,-7997690
13500000,5501940,-7998060
8000000,0,-8000000
10000000,2000000,-8000000
8000000,0,-8000000
8000000,0,-8000000
8000000,0,-8000000
8000000,0,-8000000
8000000,0,-8000000
8000000,0,-8000000
8000000,0,-8000000
8000000,0,-8000000
8000000,0,-8000000
8000000,0,-8000000
8000000,0,-8000000
14000000,5990075,-8009925
25000000,16973715,-8026285
12000000,3950294,-8049706
135000000,126930660,-8069340
10000000,1930282,-8069718
13000000,4919896,-8080104
95000000,86907746,-8092254
45000000,36895141,-8104859
40000000,31886361,-8113639
9000000,883887,-8116113
58000000,49876377,-8123623
12500000,4360548,-8139452
30000000,21858070,-8141930
13000000,4857374,-8142626
40000000,31847881,-8152119
11000000,2844379,-8155621
40000000,31835600,-8164400
10000000,1822250,-8177750
30000000,21800302,-8199698
10000000,1799322,-8200678
8500000,298347,-8201653
11000000,2794056,-8205944
10000000,1759252,-8240748
22000000,13749300,-8250700
20000000,11744960,-8255040
40000000,31715062,-8284938
15000000,6708137,-8291863
8300000,0,-8300000
17000000,8677425,-8322575
75000000,66661095,-8338905
12500000,4157491,-8342509
25000000,16655224,-8344776
10000000,1641788,-8358212
8500000,140244,-8359756
35000000,26638520,-8361480
10000000,1638202,-8361798
35000000,26613620,-8386380
10000000,1562800,-8437200
22000000,13555988,-8444012
8500000,0,-8500000
8500000,0,-8500000
50000000,41476097,-8523903
10000000,1475746,-8524254
25000000,16468499,-8531501
14000000,5463019,-8536981
9000000,454255,-8545745
200000000,191450875,-8549125
10000000,1430721,-8569279
15000000,6409528,-8590472
15000000,6382178,-8617822
39000000,30356589,-8643411
9000000,349618,-8650382
10000000,1291645,-8708355
10000000,1279681,-8720319
8900000,176988,-8723012
10000000,1276984,-8723016
50000000,41263140,-8736860
9000000,248795,-8751205
10400000,1610194,-8789806
9000000,208163,-8791837
11000000,2200000,-8800000
8800000,0,-8800000
9000000,184255,-8815745
20000000,11175164,-8824836
8900000,50136,-8849864
12000000,3149034,-8850966
9000000,148826,-8851174
30000000,21148651,-8851349
9000000,148089,-8851911
25000000,16118077,-8881923
14000000,5108820,-8891180
8900000,0,-8900000
10100000,1183658,-8916342
50000000,41083108,-8916892
9000000,70066,-8929934
10000000,1069454,-8930546
19000000,10049886,-8950114
60000000,51045801,-8954199
20000000,11036366,-8963634
9000000,14443,-8985557
40000000,31011732,-8988268
10000000,1011054,-8988946
9000000,1242,-8998758
11000000,2000000,-9000000
9000000,0,-9000000
9000000,0,-9000000
9000000,0,-9000000
9000000,0,-9000000
40000000,30981850,-9018150
10100000,1066555,-9033445
10000000,952820,-9047180
10000000,900926,-9099074
9100000,0,-9100000
9100000,0,-9100000
35000000,25888412,-9111588
12000000,2883879,-9116121
60000000,50877145,-9122855
30000000,20868638,-9131362
10000000,866778,-9133222
60000000,50837305,-9162695
10000000,836641,-9163359
22000000,12784713,-9215287
10000000,749641,-9250359
14000000,4741987,-9258013
13000000,3703182,-9296818
14000000,4702420,-9297580
60000000,50701325,-9298675
65000000,55691208,-9308792
20000000,10686841,-9313159
72000000,62647540,-9352460
10000000,641439,-9358561
45000000,35627222,-9372778
9500000,115155,-9384845
10000000,598645,-9401355
60000000,50586000,-9414000
10000000,580862,-9419138
60000000,50577412,-9422588
20000000,10570375,-9429625
25000000,15567860,-9432140
9900000,458054,-9441946
20000000,10555348,-9444652
32000000,22537881,-9462119
26000000,16521410,-9478590
25000000,15502112,-9497888
36000000,26500000,-9500000
9500000,0,-9500000
10000000,488872,-9511128
140000000,130444603,-9555397
52000000,42438300,-9561700
30000000,20422207,-9577793
21600000,12000000,-9600000
25000000,15382170,-9617830
10000000,366301,-9633699
25000000,15331289,-9668711
12000000,2326407,-9673593
58000000,48318130,-9681870
17000000,7314027,-9685973
15000000,5306706,-9693294
14000000,4299773,-9700227
10000000,268461,-9731539
35000000,25266129,-9733871
10000000,245359,-9754641
10000000,244465,-9755535
10000000,228524,-9771476
10000000,226792,-9773208
10000000,221805,-9778195
15000000,5217498,-9782502
56000000,46213824,-9786176
50000000,40203020,-9796980
40000000,30202860,-9797140
12000000,2201923,-9798077
40000000,30199105,-9800895
10000000,173472,-9826528
13000000,3172382,-9827618
10000000,152857,-9847143
10000000,150191,-9849809
10000000,141108,-9858892
10000000,139034,-9860966
10000000,137221,-9862779
10000000,131719,-9868281
10000000,128486,-9871514
10000000,126247,-9873753
11900000,2022115,-9877885
10000000,109383,-9890617
12000000,2104164,-9895836
10000000,100688,-9899312
10000000,93388,-9906612
35000000,25078937,-9921063
13000000,3075255,-9924745
17000000,7070641,-9929359
10000000,70527,-9929473
10000000,67657,-9932343
12000000,2062406,-9937594
13000000,3058380,-9941620
25000000,15051977,-9948023
10000000,45779,-9954221
30000000,20040895,-9959105
18000000,8038061,-9961939
15000000,5027684,-9972316
60000000,50024083,-9975917
10000000,19716,-9980284
23000000,13019253,-9980747
10000000,17472,-9982528
110000000,100014699,-9985301
10000000,11894,-9988106
27500000,17510118,-9989882
10000000,9069,-9990931
26000000,16008272,-9991728
10000000,6422,-9993578
10000000,4803,-9995197
10000000,388,-9999612
10000000,0,-10000000
10000000,0,-10000000
10000000,0,-10000000
10000000,0,-10000000
10000000,0,-10000000
10000000,0,-10000000
10000000,0,-10000000
10000000,0,-10000000
10000000,0,-10000000
10000000,0,-10000000
10000000,0,-10000000
10000000,0,-10000000
10000000,0,-10000000
10000000,0,-10000000
10000000,0,-10000000
25000000,14983572,-10016428
22000000,11962712,-10037288
14000000,3958546,-10041454
15000000,4956401,-10043599
16000000,5900000,-10100000
48000000,37879996,-10120004
17000000,6855137,-10144863
40000000,29807260,-10192740
23000000,12803305,-10196695
105000000,94784201,-10215799
12000000,1779284,-10220716
50000000,39778599,-10221401
80000000,69772969,-10227031
65000000,54760791,-10239209
25000000,14744435,-10255565
18000000,7739049,-10260951
20000000,9725847,-10274153
13000000,2703296,-10296704
12000000,1703125,-10296875
10300000,0,-10300000
16800000,6469813,-10330187
10500000,125169,-10374831
29000000,18622031,-10377969
80000000,69610858,-10389142
15000000,4604982,-10395018
10800000,399879,-10400121
25000000,14589444,-10410556
48000000,37562568,-10437432
11000000,551002,-10448998
25000000,14543943,-10456057
12500000,2039869,-10460131
20000000,9534258,-10465742
17500000,7018188,-10481812
150000000,139507806,-10492194
12000000,1506998,-10493002
20000000,9496130,-10503870
20000000,9479390,-10520610
12000000,1442338,-10557662
10600000,24084,-10575916
19000000,8402485,-10597515
40000000,29374178,-10625822
11000000,355968,-10644032
22000000,11330849,-10669151
28000000,17326650,-10673350
32500000,21819348,-10680652
30000000,19316646,-10683354
13300000,2614251,-10685749
100000000,89296573,-10703427
78000000,67286731,-10713269
70000000,59281555,-10718445
150000000,139270910,-10729090
15000000,4235837,-10764163
11000000,229653,-10770347
20000000,9208876,-10791124
18000000,7190505,-10809495
23000000,12189514,-10810486
12000000,1188194,-10811806
50000000,39177684,-10822316
35000000,24139805,-10860195
19000000,8123860,-10876140
80000000,69117629,-10882371
12500000,1612957,-10887043
20000000,9109322,-10890678
13000000,2104439,-10895561
25000000,14102929,-10897071
14000000,3100650,-10899350
13000000,2087720,-10912280
16000000,5083906,-10916094
40000000,29077547,-10922453
75000000,64062587,-10937413
11000000,61611,-10938389
13000000,2037459,-10962541
30000000,19035741,-10964259
15000000,4023741,-10976259
17900000,6905861,-10994139
11000000,0,-11000000
11000000,0,-11000000
11000000,0,-11000000
11000000,0,-11000000
30000000,18985794,-11014206
25000000,13973532,-11026468
38000000,26947624,-11052376
25000000,13938332,-11061668
20000000,8888355,-11111645
12000000,870067,-11129933
65000000,53862963,-11137037
16000000,4839383,-11160617
20000000,8813410,-11186590
12000000,793352,-11206648
13300000,2086345,-11213655
13000000,1784763,-11215237
110000000,98780042,-11219958
28000000,16779636,-11220364
90000000,78765986,-11234014
18000000,6734844,-11265156
16000000,4734235,-11265765
12500000,1212799,-11287201
15000000,3703046,-11296954
22000000,10696210,-11303790
19400000,8060487,-11339513
25000000,13657115,-11342885
14000000,2656784,-11343216
18000000,6617867,-11382133
90000000,78616689,-11383311
11400000,15000,-11385000
12500000,1110186,-11389814
50000000,38590458,-11409542
12500000,1089445,-11410555
20000000,8580428,-11419572
42000000,30568743,-11431257
12000000,550472,-11449528
40000000,28544120,-11455880
15000000,3526588,-11473412
30000000,18522064,-11477936
23000000,11511323,-11488677
11500000,0,-11500000
35000000,23483357,-11516643
60000000,48478006,-11521994
135000000,123477607,-11522393
26000000,14469428,-11530572
78000000,66465204,-11534796
14000000,2461628,-11538372
21000000,9451946,-11548054
12000000,450594,-11549406
12000000,378650,-11621350
24000000,12372410,-11627590
40000000,28370522,-11629478
35000000,23365858,-11634142
20000000,8330720,-11669280
30000000,18324242,-11675758
12700000,1022720,-11677280
130000000,118311368,-11688632
12000000,303439,-11696561
30000000,18298649,-11701351
15000000,3247816,-11752184
12000000,220175,-11779825
16000000,4217115,-11782885
12000000,214202,-11785798
125000000,113203870,-11796130
12000000,196857,-11803143
12000000,190946,-11809054
11900000,81897,-11818103
12000000,178287,-11821713
12500000,677200,-11822800
13000000,1173673,-11826327
22500000,10663357,-11836643
13000000,1152117,-11847883
13000000,1151330,-11848670
11900000,48856,-11851144
12000000,146028,-11853972
20000000,8135024,-11864976
50000000,38122883,-11877117
12000000,122558,-11877442
20000000,8110975,-11889025
35000000,23083334,-11916666
20000000,8047525,-11952475
25000000,13038660,-11961340
13000000,1024175,-11975825
15000000,3020665,-11979335
12000000,17484,-11982516
12000000,17479,-11982521
29000000,17016190,-11983810
12000000,14616,-11985384
20000000,8008161,-11991839
12000000,0,-12000000
20000000,8000000,-12000000
12000000,0,-12000000
12000000,0,-12000000
12000000,0,-12000000
12000000,0,-12000000
18000000,6000000,-12000000
12000000,0,-12000000
12000000,0,-12000000
12000000,0,-12000000
17000000,4936819,-12063181
29000000,16930185,-12069815
19000000,6928068,-12071932
35000000,22913677,-12086323
60000000,47836282,-12163718
18000000,5828466,-12171534
22000000,9818792,-12181208
30000000,17800004,-12199996
60000000,47795018,-12204982
12500000,292562,-12207438
30000000,17766658,-12233342
14000000,1755212,-12244788
26000000,13738574,-12261426
18000000,5705761,-12294239
18000000,5700626,-12299374
18500000,6198883,-12301117
150000000,137690172,-12309828
40000000,27682712,-12317288
18000000,5675599,-12324401
23000000,10660147,-12339853
13000000,656688,-12343312
25000000,12638526,-12361474
13000000,622023,-12377977
20000000,7578946,-12421054
20000000,7535331,-12464669
25000000,12512862,-12487138
12500000,10011,-12489989
50000000,37485528,-12514472
35000000,22467450,-12532550
27000000,14435076,-12564924
15000000,2434652,-12565348
15000000,2423467,-12576533
65000000,52397389,-12602611
36000000,23360779,-12639221
13000000,303877,-12696123
16000000,3287315,-12712685
15000000,2281585,-12718415
30000000,17266505,-12733495
25000000,12227722,-12772278
13000000,217277,-12782723
44000000,31206263,-12793737
15000000,2203641,-12796359
30000000,17192205,-12807795
13500000,687081,-12812919
40000000,27053815,-12946185
20000000,7013191,-12986809
30000000,17010170,-12989830
29000000,16007718,-12992282
45000000,32003620,-12996380
60000000,47003582,-12996418
13000000,0,-13000000
14000000,1000000,-13000000
13000000,0,-13000000
15000000,1954202,-13045798
15000000,1953732,-13046268
30000000,16930884,-13069116
20000000,6882696,-13117304
60000000,46850558,-13149442
27000000,13848978,-13151022
40000000,26844692,-13155308
40000000,26814957,-13185043
18000000,4806750,-13193250
13400000,164247,-13235753
127000000,113746621,-13253379
58000000,44672764,-13327236
15000000,1658706,-13341294
34800000,21443494,-13356506
42500000,29121498,-13378502
55000000,41610884,-13389116
25000000,11603545,-13396455
20000000,6575282,-13424718
95000000,81562942,-13437058
32000000,18552460,-13447540
25000000,11538204,-13461796
39000000,25514517,-13485483
18000000,4501094,-13498906
20000000,6485961,-13514039
28000000,14439985,-13560015
18000000,4438438,-13561562
16000000,2429989,-13570011
25000000,11411644,-13588356
160000000,146408305,-13591695
14000000,403952,-13596048
30000000,16323969,-13676031
16000000,2322593,-13677407
19000000,5310554,-13689446
13700000,0,-13700000
30000000,16295774,-13704226
15000000,1294640,-13705360
26000000,12279691,-13720309
14000000,274299,-13725701
25000000,11273517,-13726483
14000000,266967,-13733033
27000000,13261851,-13738149
50000000,36261763,-13738237
20000000,6201757,-13798243
15000000,1200216,-13799784
15500000,1693000,-13807000
18000000,4100000,-13900000
25000000,11100000,-13900000
25000000,11092559,-13907441
19000000,5059608,-13940392
14000000,47185,-13952815
38000000,24044532,-13955468
16000000,2013456,-13986544
20000000,6002756,-13997244
60000000,46000903,-13999097
14000000,0,-14000000
14000000,0,-14000000
70000000,55991880,-14008120
35000000,20982478,-14017522
80000000,65948711,-14051289
25000000,10915744,-14084256
14200000,74205,-14125795
32000000,17848322,-14151678
32000000,17839115,-14160885
27000000,12834849,-14165151
21000000,6830957,-14169043
15000000,824295,-14175705
90000000,75817994,-14182006
32000000,17804299,-14195701
19000000,4750000,-14250000
20000000,5749134,-14250866
30000000,15740721,-14259279
15500000,1237615,-14262385
25000000,10731997,-14268003
18500000,4221341,-14278659
25000000,10719367,-14280633
18000000,3712282,-14287718
20000000,5702083,-14297917
17000000,2694071,-14305929
16000000,1686429,-14313571
15000000,673414,-14326586
16000000,1669971,-14330029
24000000,9659074,-14340926
15000000,632542,-14367458
40000000,25584504,-14415496
15000000,529766,-14470234
15000000,528731,-14471269
15000000,501752,-14498248
20000000,5501616,-14498384
18000000,3500605,-14499395
14500000,0,-14500000
16000000,1477650,-14522350
37000000,22450975,-14549025
18000000,3419967,-14580033
150000000,135386665,-14613335
15000000,353743,-14646257
25000000,10324441,-14675559
17000000,2315000,-14685000
40000000,25288103,-14711897
35000000,20275446,-14724554
52000000,37243418,-14756582
17000000,2231474,-14768526
15000000,220944,-14779056
20000000,5210988,-14789012
18000000,3203044,-14796956
50000000,35188640,-14811360
20000000,5178569,-14821431
170000000,155136755,-14863245
40000000,25126214,-14873786
15000000,123570,-14876430
25000000,10115014,-14884986
17000000,2110050,-14889950
25000000,10103647,-14896353
15000000,102458,-14897542
15000000,76382,-14923618
15000000,73548,-14926452
15000000,61847,-14938153
25000000,10039566,-14960434
15000000,30680,-14969320
100000000,85028192,-14971808
15000000,22723,-14977277
15000000,22441,-14977559
60000000,45020282,-14979718
15500000,517262,-14982738
70000000,55011732,-14988268
47000000,32011576,-14988424
30000000,15007991,-14992009
20000000,5005899,-14994101
15000000,0,-15000000
15000000,0,-15000000
15000000,0,-15000000
15000000,0,-15000000
15000000,0,-15000000
15000000,0,-15000000
15000000,0,-15000000
15000000,0,-15000000
15000000,0,-15000000
15000000,0,-15000000
15000000,0,-15000000
60000000,44936545,-15063455
51000000,35851379,-15148621
40000000,24827228,-15172772
15500000,318623,-15181377
32500000,17288155,-15211845
15300000,81525,-15218475
38000000,22770864,-15229136
20000000,4712792,-15287208
16000000,705908,-15294092
35000000,19701164,-15298836
50000000,34645374,-15354626
32000000,16640210,-15359790
17000000,1569918,-15430082
18000000,2483790,-15516210
35000000,19478106,-15521894
20000000,4452423,-15547577
20000000,4442377,-15557623
55000000,39440655,-15559345
24000000,8427204,-15572796
42000000,26414527,-15585473
18000000,2402004,-15597996
52000000,36400491,-15599509
35000000,19389454,-15610546
17000000,1361045,-15638955
144000000,128350574,-15649426
16000000,337997,-15662003
30000000,14334645,-15665355
35000000,19294901,-15705099
25000000,9286314,-15713686
70000000,54243125,-15756875
59000000,43242871,-15757129
18000000,2222862,-15777138
30000000,14208384,-15791616
40000000,24172899,-15827101
33000000,17142080,-15857920
51000000,35093569,-15906431
22000000,6069605,-15930395
37000000,21052030,-15947970
22000000,6047691,-15952309
80000000,64038616,-15961384
24000000,8031955,-15968045
16000000,31631,-15968369
23000000,7018525,-15981475
20000000,4017609,-15982391
16000000,3361,-15996639
16000000,0,-16000000
16000000,0,-16000000
16000000,0,-16000000
80000000,63795655,-16204345
23000000,6777741,-16222259
20000000,3763583,-16236417
28000000,11689053,-16310947
50000000,33644788,-16355212
27000000,10618813,-16381187
55000000,38564422,-16435578
25000000,8547045,-16452955
20000000,3531756,-16468244
150000000,133501348,-16498652
16500000,0,-16500000
16800000,223202,-16576798
150000000,133375846,-16624154
27000000,10341093,-16658907
60000000,43337279,-16662721
35000000,18317151,-16682849
60000000,43313890,-16686110
80000000,63313159,-16686841
35000000,18306166,-16693834
18000000,1305114,-16694886
150000000,133298577,-16701423
17000000,275380,-16724620
60000000,43254409,-16745591
90000000,73209340,-16790660
31500000,14708696,-16791304
17000000,195792,-16804208
45000000,28142535,-16857465
19000000,2119994,-16880006
19000000,2119994,-16880006
25000000,8114270,-16885730
23000000,6113834,-16886166
50000000,33109743,-16890257
20000000,3083538,-16916462
60000000,43061982,-16938018
185000000,168052812,-16947188
18000000,1034589,-16965411
45000000,28013509,-16986491
30000000,13001257,-16998743
17000000,0,-17000000
17000000,0,-17000000
22000000,5000000,-17000000
17000000,0,-17000000
17000000,0,-17000000
28000000,10907291,-17092709
22000000,4835065,-17164935
17500000,325491,-17174509
47000000,29781453,-17218547
40000000,22772500,-17227500
50000000,32746941,-17253059
30000000,12712093,-17287907
90000000,72708161,-17291839
18000000,676698,-17323302
25000000,7634767,-17365233
35000000,17630465,-17369535
35000000,17616641,-17383359
73000000,55591409,-17408591
52000000,34580635,-17419365
49000000,31569268,-17430732
19500000,2061449,-17438551
140000000,122523060,-17476940
17500000,0,-17500000
20000000,2483472,-17516528
70000000,52474616,-17525384
20000000,2468683,-17531317
45000000,27447471,-17552529
40000000,22433915,-17566085
30000000,12406646,-17593354
22000000,4398532,-17601468
42000000,24375436,-17624564
20000000,2374107,-17625893
40000000,22365133,-17634867
19000000,1353824,-17646176
20000000,2353728,-17646272
17700000,49521,-17650479
125000000,107325195,-17674805
18000000,315000,-17685000
19100000,1361512,-17738488
20000000,2246000,-17754000
27500000,9736045,-17763955
18000000,229311,-17770689
60000000,42194060,-17805940
25000000,7164995,-17835005
42000000,24149632,-17850368
18000000,145526,-17854474
24000000,6144806,-17855194
20700000,2840417,-17859583
18000000,70644,-17929356
30000000,12050299,-17949701
30000000,12017369,-17982631
18000000,0,-18000000
20000000,2000000,-18000000
18000000,0,-18000000
18000000,0,-18000000
18000000,0,-18000000
18000000,0,-18000000
18000000,0,-18000000
32000000,13942007,-18057993
85000000,66941559,-18058441
20000000,1903434,-18096566
50000000,31874869,-18125131
35000000,16862585,-18137415
150000000,131772187,-18227813
27000000,8712564,-18287436
22500000,4200117,-18299883
20000000,1646664,-18353336
30000000,11578022,-18421978
43000000,24537621,-18462379
26000000,7496522,-18503478
31000000,12482741,-18517259
43000000,24430272,-18569728
18900000,320700,-18579300
22000000,3242457,-18757543
40000000,21218403,-18781597
20000000,1190018,-18809982
20000000,1186538,-18813462
40000000,21176322,-18823678
41000000,22108977,-18891023
34000000,15090399,-18909601
20000000,1065907,-18934093
20000000,1031872,-18968128
120000000,101028233,-18971767
40000000,21002919,-18997081
19000000,0,-19000000
30000000,10965209,-19034791
25000000,5958315,-19041685
61000000,41952715,-19047285
30000000,10895295,-19104705
28000000,8891623,-19108377
20000000,882710,-19117290
75000000,55849401,-19150599
120000000,100814328,-19185672
19200000,0,-19200000
25000000,5778353,-19221647
19700000,476270,-19223730
20000000,754301,-19245699
55000000,35739802,-19260198
97000000,77730500,-19269500
24000000,4710455,-19289545
25000000,5654777,-19345223
38000000,18653746,-19346254
53000000,33602376,-19397624
20000000,587470,-19412530
20000000,582024,-19417976
60000000,40572825,-19427175
20000000,538460,-19461540
25000000,5516708,-19483292
27000000,7500310,-19499690
20000000,468867,-19531133
28000000,8434601,-19565399
20000000,375474,-19624526
170000000,150358296,-19641704
24000000,4356126,-19643874
40000000,20350754,-19649246
38000000,18340051,-19659949
35000000,15325127,-19674873
50000000,30306268,-19693732
20000000,305070,-19694930
40000000,20278055,-19721945
20000000,277943,-19722057
20000000,206678,-19793322
20000000,200730,-19799270
45000000,25200412,-19799588
19800000,0,-19800000
35000000,15185241,-19814759
28000000,8165213,-19834787
40000000,20157300,-19842700
20000000,146072,-19853928
30000000,10143779,-19856221
25000000,5128124,-19871876
20000000,121972,-19878028
60000000,40081410,-19918590
20000000,55039,-19944961
20000000,0,-20000000
20000000,0,-20000000
20000000,0,-20000000
20000000,0,-20000000
20000000,0,-20000000
20000000,0,-20000000
20000000,0,-20000000
20000000,0,-20000000
20000000,0,-20000000
20000000,0,-20000000
35000000,14998070,-20001930
21000000,970816,-20029184
85000000,64935167,-20064833
22000000,1810078,-20189922
65000000,44806783,-20193217
23000000,2715657,-20284343
25000000,4598506,-20401494
21000000,557241,-20442759
35000000,14471440,-20528560
57500000,36931089,-20568911
38000000,17378193,-20621807
30000000,9362785,-20637215
72500000,51855045,-20644955
55000000,34353000,-20647000
45000000,24343673,-20656327
55000000,34234008,-20765992
55000000,34105207,-20894793
25000000,4064333,-20935667
30000000,9055010,-20944990
22000000,1054361,-20945639
21600000,635733,-20964267
40000000,19019882,-20980118
21000000,17396,-20982604
25000000,4008527,-20991473
28000000,7002261,-20997739
21000000,0,-21000000
38000000,16999934,-21000066
38000000,16991902,-21008098
32000000,10977721,-21022279
50000000,28848693,-21151307
42000000,20844907,-21155093
55000000,33832741,-21167259
37500000,16247159,-21252841
44000000,22730924,-21269076
34000000,12695691,-21304309
92500000,71195053,-21304947
50000000,28644813,-21355187
30000000,8574339,-21425661
90000000,68559554,-21440446
65000000,43545364,-21454636
30000000,8535575,-21464425
65000000,43482270,-21517730
55000000,33479698,-21520302
70000000,48475290,-21524710
29000000,7460204,-21539796
40000000,18450127,-21549873
36000000,14378353,-21621647
35000000,13305665,-21694335
85000000,63280000,-21720000
35000000,13264986,-21735014
27000000,5204007,-21795993
25000000,3073392,-21926608
25000000,3054285,-21945715
33000000,11008770,-21991230
22000000,0,-22000000
45000000,22951340,-22048660
48000000,25928721,-22071279
175000000,152901115,-22098885
30000000,7885294,-22114706
69000000,46874505,-22125495
28500000,6301131,-22198869
55000000,32732301,-22267699
30000000,7689607,-22310393
28000000,5686694,-22313306
50000000,27669725,-22330275
85000000,62615510,-22384490
66000000,43568507,-22431493
25000000,2546747,-22453253
45000000,22532572,-22467428
30000000,7502560,-22497440
60000000,37491364,-22508636
42000000,19487173,-22512827
27000000,4485485,-22514515
27000000,4476235,-22523765
25000000,2455635,-22544365
178000000,155442489,-22557511
25000000,2405420,-22594580
65000000,42345531,-22654469
34000000,11263966,-22736034
97000000,74262031,-22737969
26000000,3254172,-22745828
110000000,87242834,-22757166
100000000,77233467,-22766533
58000000,35231365,-22768635
50000000,27100030,-22899970
68000000,45060734,-22939266
36000000,13052741,-22947259
23000000,36686,-22963314
60000000,37017955,-22982045
23000000,10452,-22989548
45000000,22006296,-22993704
23000000,0,-23000000
23000000,0,-23000000
35000000,11989328,-23010672
27500000,4463292,-23036708
26700000,3652206,-23047794
30000000,6916869,-23083131
29000000,5899797,-23100203
25000000,1872994,-23127006
60000000,36850101,-23149899
25000000,1702112,-23297888
80000000,56684819,-23315181
34000000,10672566,-23327434
24000000,669276,-23330724
150000000,126631277,-23368723
50000000,26623701,-23376299
42000000,18620000,-23380000
50000000,26599248,-23400752
36000000,12532777,-23467223
25000000,1513793,-23486207
50000000,26461644,-23538356
35000000,11405825,-23594175
60000000,36280697,-23719303
50000000,26199517,-23800483
25000000,1190003,-23809997
55000000,31090320,-23909680
55000000,31051126,-23948874
24000000,49981,-23950019
35000000,11001272,-23998728
24000000,0,-24000000
40000000,15962471,-24037529
31000000,6901965,-24098035
25000000,881745,-24118255
25000000,872142,-24127858
28700000,4559569,-24140431
24200000,17000,-24183000
25000000,780326,-24219674
250000000,225764765,-24235235
60000000,35763137,-24236863
25000000,720828,-24279172
30000000,5718096,-24281904
90000000,65653758,-24346242
35000000,10508518,-24491482
80000000,55485043,-24514957
110000000,85463309,-24536691
50000000,25450527,-24549473
50000000,25426861,-24573139
33000000,8408835,-24591165
45000000,20404841,-24595159
92000000,67349198,-24650802
60000000,35327628,-24672372
30000000,5321508,-24678492
35000000,10319915,-24680085
35000000,10275638,-24724362
35000000,10219501,-24780499
25000000,205505,-24794495
175000000,150201498,-24798502
50000000,25195050,-24804950
35000000,10161183,-24838817
35000000,10144010,-24855990
25000000,137885,-24862115
45000000,20133326,-24866674
25000000,129115,-24870885
26000000,1083350,-24916650
90000000,65075540,-24924460
100000000,75030163,-24969837
25000000,0,-25000000
25000000,0,-25000000
25000000,0,-25000000
25000000,0,-25000000
25000000,0,-25000000
25000000,0,-25000000
25000000,0,-25000000
25000000,0,-25000000
25000000,0,-25000000
25000000,0,-25000000
72500000,47467250,-25032750
40000000,14967182,-25032818
40000000,14942422,-25057578
45000000,19894664,-25105336
28000000,2775593,-25224407
45000000,19719930,-25280070
40000000,14448589,-25551411
45000000,19398532,-25601468
40000000,14375181,-25624819
40000000,14358033,-25641967
40000000,14279575,-25720425
30000000,4211129,-25788871
30000000,4167493,-25832507
27000000,1090947,-25909053
40000000,14046595,-25953405
26000000,42472,-25957528
40000000,14018364,-25981636
65000000,39017984,-25982016
50000000,24006726,-25993274
26000000,5000,-25995000
26000000,0,-26000000
26000000,0,-26000000
26000000,0,-26000000
60000000,33956608,-26043392
30000000,3909149,-26090851
185000000,158848340,-26151660
39000000,12796824,-26203176
27000000,765637,-26234363
30000000,3765585,-26234415
88000000,61649911,-26350089
30000000,3517797,-26482203
40000000,13508635,-26491365
111000000,84410380,-26589620
40000000,13395939,-26604061
58000000,31373938,-26626062
35000000,8323085,-26676915
63000000,36249674,-26750326
40000000,13208023,-26791977
50000000,23159305,-26840695
30000000,3102550,-26897450
29200000,2280004,-26919996
35000000,8050977,-26949023
120000000,93050117,-26949883
30000000,3005605,-26994395
27000000,0,-27000000
70000000,42996140,-27003860
60000000,32983332,-27016668
54000000,26850426,-27149574
100000000,72688614,-27311386
35000000,7659747,-27340253
34000000,6543194,-27456806
60000000,32522352,-27477648
35000000,7459300,-27540700
75000000,47379090,-27620910
90000000,62362560,-27637440
32000000,4357406,-27642594
37500000,9793406,-27706594
58000000,30234022,-27765978
38000000,10229300,-27770700
45000000,17220599,-27779401
60000000,32138862,-27861138
60000000,32122249,-27877751
40000000,12082391,-27917609
52000000,24077427,-27922573
200000000,172062763,-27937237
75000000,47059963,-27940037
53000000,25031037,-27968963
65000000,37030102,-27969898
85000000,57010853,-27989147
28000000,0,-28000000
50000000,21903748,-28096252
67500000,39394666,-28105334
35000000,6864016,-28135984
60000000,31853584,-28146416
43000000,14828555,-28171445
45000000,16809014,-28190986
35000000,6670765,-28329235
35000000,6630252,-28369748
50000000,21596445,-28403555
32000000,3588602,-28411398
50000000,21587519,-28412481
58000000,29580087,-28419913
35000000,6448817,-28551183
49000000,20423389,-28576611
90000000,61363304,-28636696
57000000,28328132,-28671868
65000000,36316032,-28683968
50000000,21302340,-28697660
33000000,4283255,-28716745
130000000,101200044,-28799956
60000000,31165421,-28834579
140000000,111110575,-28889425
52000000,23010607,-28989393
29000000,0,-29000000
70000000,40934175,-29065825
32000000,2899970,-29100030
90000000,60874615,-29125385
55000000,25857987,-29142013
50000000,20810036,-29189964
35000000,5781086,-29218914
60000000,30695227,-29304773
30000000,669625,-29330375
40000000,10664749,-29335251
80000000,50632037,-29367963
30000000,600000,-29400000
140000000,110550000,-29450000
45000000,15541549,-29458451
30000000,538690,-29461310
50000000,20534907,-29465093
45000000,15527125,-29472875
30000000,490973,-29509027
30000000,480314,-29519686
40000000,10447421,-29552579
75000000,45445109,-29554891
40000000,10330853,-29669147
45000000,15298133,-29701867
62000000,32235793,-29764207
30000000,201857,-29798143
30000000,135739,-29864261
35000000,5101237,-29898763
60000000,30063805,-29936195
67500000,37519139,-29980861
30000000,3892,-29996108
30000000,3200,-29996800
30000000,918,-29999082
30000000,0,-30000000
30000000,0,-30000000
30000000,0,-30000000
30000000,0,-30000000
30000000,0,-30000000
30000000,0,-30000000
38000000,7873007,-30126993
53000000,22852487,-30147513
50000000,19699706,-30300294
50000000,19694635,-30305365
40000000,9652000,-30348000
35000000,4651977,-30348023
138000000,107509799,-30490201
35000000,4496583,-30503417
50000000,19452138,-30547862
150000000,119436770,-30563230
32000000,1308696,-30691304
84000000,53262560,-30737440
35000000,4212494,-30787506
60000000,29136626,-30863374
120000000,89107235,-30892765
47000000,15849032,-31150968
50000000,18782227,-31217773
45000000,13668249,-31331751
70000000,38634938,-31365062
75000000,43632458,-31367542
95000000,63570862,-31429138
57000000,25528495,-31471505
70000000,38518613,-31481387
38000000,6504442,-31495558
65000000,33447612,-31552388
60000000,28426747,-31573253
45000000,13414714,-31585286
90000000,58250803,-31749197
90000000,58220776,-31779224
232000000,200120000,-31880000
45000000,13109815,-31890185
32000000,0,-32000000
38600000,6594959,-32005041
47000000,14970038,-32029962
70000000,37945884,-32054116
47500000,15436808,-32063192
70000000,37760080,-32239920
100000000,67631157,-32368843
65000000,32598931,-32401069
160000000,127509326,-32490674
178000000,145443742,-32556258
40000000,7388654,-32611346
68000000,35324232,-32675768
75000000,42285169,-32714831
91000000,58236838,-32763162
110000000,77222099,-32777901
35000000,2221994,-32778006
50000000,17181265,-32818735
33000000,176847,-32823153
33000000,70958,-32929042
64000000,31054924,-32945076
75000000,42044321,-32955679
35000000,2000000,-33000000
40000000,7000000,-33000000
36000000,2954405,-33045595
100000000,66889043,-33110957
39000000,5881504,-33118496
60000000,26873932,-33126068
70000000,36793804,-33206196
40000000,6738000,-33262000
36000000,2679437,-33320563
60000000,26673242,-33326758
50000000,16581575,-33418425
75000000,41523271,-33476729
145000000,111506430,-33493570
35000000,1500000,-33500000
60000000,26483452,-33516548
85000000,51396781,-33603219
35000000,1320043,-33679957
55000000,21226204,-33773796
41000000,7204138,-33795862
45000000,11203026,-33796974
40000000,6115824,-33884176
40000000,6114237,-33885763
200000000,166112167,-33887833
34000000,4091,-33995909
40000000,5775076,-34224924
45000000,10763520,-34236480
68000000,33685268,-34314732
35000000,630779,-34369221
80000000,45575336,-34424664
60000000,25473093,-34526907
120000000,85364450,-34635550
35000000,289773,-34710227
38000000,3143056,-34856944
36000000,1069334,-34930666
35000000,16816,-34983184
85000000,50016394,-34983606
35000000,0,-35000000
35000000,0,-35000000
35000000,0,-35000000
40000000,4835968,-35164032
40000000,4777007,-35222993
40000000,4563029,-35436971
50000000,14271297,-35728703
75000000,39251128,-35748872
73000000,37068294,-35931706
150000000,114053579,-35946421
215000000,179020854,-35979146
36000000,0,-36000000
49000000,12816367,-36183633
78000000,41814863,-36185137
40000000,3688560,-36311440
42000000,5666340,-36333660
55000000,18582965,-36417035
70000000,33561137,-36438863
47000000,10547117,-36452883
36500000,0,-36500000
45000000,8406711,-36593289
60000000,23385416,-36614584
65000000,28045540,-36954460
88000000,51024708,-36975292
45000000,7916887,-37083113
40000000,2816518,-37183482
60000000,22672813,-37327187
85000000,47641743,-37358257
38000000,623374,-37376626
60000000,22508689,-37491311
42000000,4408420,-37591580
75000000,37361412,-37638588
45000000,7262288,-37737712
44000000,6105175,-37894825
63000000,25052000,-37948000
38000000,0,-38000000
65000000,26900336,-38099664
90000000,51877963,-38122037
68000000,29762011,-38237989
40000000,1738477,-38261523
40000000,1641825,-38358175
45000000,6566773,-38433227
50000000,11497497,-38502503
85000000,46462469,-38537531
75000000,36392502,-38607498
55000000,16285240,-38714760
55000000,16222392,-38777608
110000000,71017784,-38982216
68000000,28965197,-39034803
40000000,915840,-39084160
40000000,876671,-39123329
43000000,3740823,-39259177
50000000,10721033,-39278967
40000000,659210,-39340790
40000000,627047,-39372953
72000000,32616869,-39383131
46500000,7100177,-39399823
50000000,10561038,-39438962
40000000,463730,-39536270
50000000,10359006,-39640994
50000000,10169202,-39830798
70000000,30157016,-39842984
180000000,140125968,-39874032
40000000,79123,-39920877
40000000,0,-40000000
40000000,0,-40000000
40000000,0,-40000000
40000000,0,-40000000
40000000,0,-40000000
40000000,0,-40000000
40000000,0,-40000000
85000000,44898413,-40101587
50000000,9812870,-40187130
60000000,19806188,-40193812
85000000,44650003,-40349997
75000000,34636443,-40363557
45000000,4617608,-40382392
200000000,159555901,-40444099
76000000,35552383,-40447617
44000000,3484331,-40515669
100000000,59475623,-40524377
80000000,39442871,-40557129
117000000,76423035,-40576965
65000000,24409722,-40590278
75000000,34343574,-40656426
42000000,1259693,-40740307
105000000,64063008,-40936992
135000000,93926386,-41073614
100000000,58867694,-41132306
50000000,8742261,-41257739
47000000,5707094,-41292906
45000000,3681811,-41318189
85000000,43585753,-41414247
80000000,38577772,-41422228
145000000,103412758,-41587242
46000000,4408636,-41591364
50000000,8355815,-41644185
80000000,38311134,-41688866
50000000,8267544,-41732456
70000000,28212337,-41787663
60000000,18208078,-41791922
50000000,8017467,-41982533
42000000,0,-42000000
42000000,0,-42000000
80000000,37899638,-42100362
55000000,12882934,-42117066
59000000,16790790,-42209210
80000000,37771017,-42228983
70000000,27569558,-42430442
90000000,47546796,-42453204
80000000,37384046,-42615954
100000000,57377916,-42622084
60000000,17303424,-42696576
45000000,2154540,-42845460
55000000,11532774,-43467226
50000000,6471394,-43528606
68000000,24449754,-43550246
50000000,6291602,-43708398
110000000,66184051,-43815949
80000000,36076121,-43923879
95000000,50802661,-44197339
72000000,27796042,-44203958
100000000,55675313,-44324687
110000000,65452312,-44547688
75000000,30207785,-44792215
70000000,25135965,-44864035
70000000,25124986,-44875014
85000000,40048332,-44951668
45000000,0,-45000000
45500000,347136,-45152864
190000000,144840419,-45159581
100000000,54768952,-45231048
80000000,34566746,-45433254
65000000,19551067,-45448933
55000000,9489829,-45510171
60000000,14218868,-45781132
65000000,19075290,-45924710
62000000,15738632,-46261368
46500000,3622,-46496378
60000000,13090630,-46909370
85000000,37948765,-47051235
80000000,32908290,-47091710
90000000,42885593,-47114407
60000000,12600231,-47399769
82000000,34543701,-47456299
55000000,7221458,-47778542
65000000,17218916,-47781084
115000000,67163857,-47836143
54000000,6087542,-47912458
60000000,12069719,-47930281
60000000,11803254,-48196746
55000000,6768055,-48231945
110000000,61737191,-48262809
132000000,83350911,-48649089
50000000,1224330,-48775670
55000000,6167817,-48832183
67000000,18115927,-48884073
55000000,5755286,-49244714
49800000,0,-49800000
60000000,10166502,-49833498
50000000,166003,-49833997
170000000,120150546,-49849454
50000000,102118,-49897882
50000000,46425,-49953575
76000000,26000610,-49999390
50000000,0,-50000000
50000000,0,-50000000
50000000,0,-50000000
70000000,19870567,-50129433
85000000,34687912,-50312088
100000000,49438370,-50561630
60000000,9420546,-50579454
155000000,104386950,-50613050
109000000,58183966,-50816034
95000000,44114232,-50885768
70000000,19076815,-50923185
70000000,18990542,-51009458
70000000,18848538,-51151462
65000000,13757804,-51242196
100000000,48417850,-51582150
70000000,18211013,-51788987
85000000,33080084,-51919916
135000000,83028130,-51971870
190000000,137855863,-52144137
75000000,22751979,-52248021
60000000,7696134,-52303866
130000000,77591831,-52408169
80000000,27367660,-52632340
72000000,19176754,-52823246
135000000,82051601,-52948399
180000000,126643061,-53356939
85000000,31611316,-53388684
55000000,1147784,-53852216
85000000,31111260,-53888740
75000000,21009180,-53990820
65000000,10378555,-54621445
100000000,45216793,-54783207
90000000,35168966,-54831034
55000000,79161,-54920839
65000000,10014234,-54985766
120000000,64956806,-55043194
60000000,4775656,-55224344
60000000,4426297,-55573703
70000000,14294842,-55705158
56000000,32766,-55967234
170000000,113883318,-56116682
58000000,1802521,-56197479
85000000,28681080,-56318920
70000000,13596911,-56403089
125000000,68420120,-56579880
80000000,23169033,-56830967
230000000,172558876,-57441124
60720000,3229457,-57490543
80000000,21471685,-58528315
80000000,20950820,-59049180
260000000,200821936,-59178064
60000000,709982,-59290018
59500000,0,-59500000
100000000,40202379,-59797621
110000000,50026353,-59973647
60000000,0,-60000000
80000000,19676965,-60323035
75000000,14623082,-60376918
80000000,19480739,-60519261
80000000,19422319,-60577681
230000000,169368427,-60631573
100000000,39322544,-60677456
75000000,14010690,-60989310
67000000,5932060,-61067940
175000000,113805681,-61194319
275000000,213767512,-61232488
120000000,58607007,-61392993
63700000,2223293,-61476707
70000000,8462347,-61537653
80000000,18319860,-61680140
165000000,103144286,-61855714
100000000,38120554,-61879446
110000000,48097081,-61902919
70000000,8005980,-61994020
120000000,57712751,-62287249
80000000,17650704,-62349296
80000000,17480890,-62519110
110000000,47398413,-62601587
163000000,100368560,-62631440
65000000,2070920,-62929080
120000000,56117548,-63882452
70000000,5946136,-64053864
187500000,123087120,-64412880
100000000,35497337,-64502663
80000000,15132763,-64867237
80000000,15074191,-64925809
65000000,74070,-64925930
65000000,0,-65000000
155000000,89760956,-65239044
106000000,40098064,-65901936
125000000,58877969,-66122031
100000000,33700160,-66299840
150000000,83670083,-66329917
115000000,48003015,-66996985
150000000,82280579,-67719421
99000000,30824628,-68175372
95000000,26410477,-68589523
90000000,21295021,-68704979
112000000,42779261,-69220739
70000000,619423,-69380577
110000000,40563557,-69436443
130000000,60522097,-69477903
75000000,5409517,-69590483
92000000,22406362,-69593638
90000000,20377913,-69622087
150000000,79727149,-70272851
125000000,54647948,-70352052
300000000,229024295,-70975705
135000000,64006466,-70993534
100000000,28782481,-71217519
135000000,63478838,-71521162
175000000,102491776,-72508224
115000000,40914068,-74085932
200000000,125322469,-74677531
175000000,100289690,-74710310
102000000,27108272,-74891728
100000000,25020758,-74979242
140000000,65014513,-74985487
75000000,0,-75000000
75000000,0,-75000000
120000000,43945766,-76054234
77500000,1311213,-76188787
145000000,68671925,-76328075
170000000,93436322,-76563678
150000000,73103784,-76896216
100000000,23022309,-76977691
95000000,17725785,-77274215
77500000,0,-77500000
77600000,0,-77600000
178000000,100206256,-77793744
132900000,54858851,-78041149
80000000,1900451,-78099549
130000000,49554002,-80445998
90000000,8224288,-81775712
92000000,10017322,-81982678
82000000,0,-82000000
100000000,17018422,-82981578
225000000,141621490,-83378510
200000000,116601172,-83398828
100000000,15951040,-84048960
120000000,35818913,-84181087
170000000,85710210,-84289790
149000000,64665672,-84334328
170000000,85576941,-84423059
140000000,55483770,-84516230
110000000,24004159,-85995841
175000000,88246220,-86753780
217000000,130168683,-86831317
150000000,62189884,-87810116
190000000,101802906,-88197094
120000000,30212620,-89787380
90000000,195459,-89804541
90000000,0,-90000000
90000000,0,-90000000
125000000,33370166,-91629834
125000000,32698899,-92301101
185000000,92054159,-92945841
170000000,77042381,-92957619
156000000,61433527,-94566473
155000000,59874525,-95125475
100000000,4411102,-95588898
130000000,33618855,-96381145
160000000,63150991,-96849009
105000000,6712451,-98287549
160000000,60674817,-99325183
100000000,311434,-99688566
300000000,200074175,-99925825
210000000,105487148,-104512852
150000000,45157105,-104842895
137000000,32131830,-104868170
138000000,32116746,-105883254
180000000,73864507,-106135493
110000000,3100000,-106900000
140000000,31153464,-108846536
200000000,90759676,-109240324
113500000,999811,-112500189
160000000,47225655,-112774345
195000000,80101125,-114898875
150000000,35088320,-114911680
155000000,34297191,-120702809
150000000,21392758,-128607242
195000000,65187603,-129812397
179000000,47482519,-131517481
205000000,70107728,-134892272
175000000,39175066,-135824934
175000000,38362475,-136637525
180000000,40479370,-139520630
150000000,0,-150000000
220000000,65233400,-154766600
410600000,241063875,-169536125
275000000,89302115,-185697885
275000000,73058679,-201941321
350000000,42762350,-307237650
